100
2.3551 0.6653 -2.683 1.7157 -6.6863 6.4875 -2.3259 5.7923 8.4345 -3.8473 9.8449 -5.9011 3.1256 8.2461 -7.8142 6.4088 -2.0252 -8.6931 3.9842 -3.038 -1.9282 6.0323 6.0013 3.275 6.6501 1.8891 -0.7813 9.1513 5.9144 -3.7254 3.8108 8.302 -0.8568 -4.7029 -5.9804 -8.654 0.5089 2.3735 1.546 -9.1224 -1.8506 3.0585 2.3949 3.512 2.7 -6.0596 -4.3015 -0.9534 8.3306 5.9648 -3.7143 5.9081 2.2159 -1.3566 5.8086 0.9922 5.5199 1.1082 2.9151 6.9686 -5.727 9.4892 0.5815 0.569 5.5064 -8.9913 -0.1068 4.73 -0.8963 7.9758 6.0998 -0.2483 5.0436 4.5774 -2.9478 1.1676 1.3795 -4.8542 -8.6642 -7.3902 -8.822 -6.5977 6.3996 -6.1627 9.0533 6.6705 7.5517 1.0907 -1.4589 2.1279 7.6227 8.6204 -1.4011 4.8216 -6.8887 2.6784 -3.054 -8.6318 -2.9516 3.5373
2.0192 4.3476 -6.1696 -0.3187 2.2634 1.0564 -6.8055 4.2279 6.8536 -2.141 -6.1094 5.2546 2.498 -1.6494 -6.8181 -0.6158 3.9531 -3.5666 -9.3953 1.9989 2.8261 -3.8612 8.8595 0.9224 5.616 7.4799 -5.4981 -3.8944 -1.1987 -2.4189 2.731 -7.1186 6.407 5.2519 -5.2658 6.2622 -8.2834 3.8807 -3.15 6.8252 -4.4958 0.5432 1.8839 -2.2248 -7.2092 7.1768 0.0856 -2.4243 2.7898 -7.7263 -5.1395 -8.9549 5.8162 -5.7506 0.6994 8.5786 1.5994 -7.9407 7.1286 9.0051 0.1164 1.8192 2.8847 2.8221 -0.0747 -9.6831 -7.0373 9.5557 8.3041 2.9861 2.3054 8.6097 4.7038 -9.5829 5.8145 -6.7535 5.0364 2.9557 4.2172 5.9845 -0.7808 6.1037 3.4646 5.0468 -9.4988 -1.4744 5.8443 -7.9509 -6.602 4.355 8.1519 2.6043 7.1777 -6.8615 -6.0631 -8.4342 1.0009 8.2406 1.5495 -5.0894
8.2868 -8.8226 -5.4515 5.762 -3.434 1.032 -0.5383 -6.1165 -8.5245 6.9649 3.2269 -2.7819 1.606 -9.4462 8.7422 3.582 9.0428 -8.8161 1.0042 -7.6987 3.0408 -2.035 -4.4331 1.2433 -4.2587 3.7904 -9.8595 7.0284 -4.0122 -2.5684 5.347 -3.5517 5.1217 -8.8685 5.1893 -8.928 5.2367 6.0181 2.4634 -2.0562 -6.5254 -0.0653 3.4934 -6.3249 -8.5304 -6.2185 9.3272 2.7939 5.6892 -6.8407 -5.5587 2.0593 -8.3914 -5.5299 -6.279 -9.5926 9.1962 0.4587 5.1273 -7.9141 8.4879 -3.572 -8.9659 4.1913 -0.1884 6.546 -3.485 5.5438 1.6898 -3.3885 3.9727 -7.9302 0.7705 3.9361 -8.7616 3.7877 -2.0339 -9.2315 -2.0202 9.6059 -9.1823 2.2922 -1.3194 -0.8704 9.8408 1.9426 2.2942 1.2302 9.1288 -8.2098 9.6483 3.4707 5.4362 4.9098 -9.3539 -7.077 -5.4387 2.4162 -6.7239 -5.9731
6.4577 -2.2715 -3.2235 -2.5325 -5.6829 6.4859 7.5578 -4.6255 0.8198 -8.2845 8.5762 -0.3126 -6.9746 -7.8292 -5.9041 7.993 4.0895 -6.7377 -9.1256 -9.9547 -5.2548 -2.9657 -3.8016 3.1339 4.6143 -1.5546 0.502 8.4623 4.6101 -1.9266 -6.008 -6.2989 6.6495 4.267 8.8629 0.6063 3.2384 -8.8642 8.3975 -7.9913 1.1189 -4.2728 7.5108 8.3015 -4.9082 -3.588 3.7753 2.845 0.8205 1.7782 0.7192 -9.3093 -3.5479 6.657 8.6988 -1.4358 7.731 2.8683 1.3384 -6.6152 -2.4873 0.3479 -9.5795 -8.5267 -6.208 3.8939 -2.3276 -3.7925 5.8843 -0.2096 2.2602 -1.8442 -0.9418 4.319 -7.4457 -2.4287 -2.2373 -8.4751 -3.3853 -4.967 1.3554 4.2446 -4.9905 -7.9919 -6.2861 -3.0396 -1.7421 0.2319 3.1002 0.0855 3.9778 8.6444 3.3781 1.0213 5.5204 -3.941 -2.2981 -2.2376 0.2696 5.3442
-7.9531 8.6969 -5.3119 -6.9352 4.0064 4.1677 4.7055 8.9304 -8.8917 2.427 -9.0834 9.094 2.3072 1.4477 7.4648 5.4969 2.3351 -3.1323 -4.0511 4.2154 8.7541 8.3479 9.3023 -2.0997 5.224 4.2874 -9.3661 2.2842 7.3373 8.2068 -1.257 -2.0139 -1.0554 2.6598 -5.3283 4.1296 0.3531 -1.944 5.0166 1.7663 -4.8809 -6.4637 -9.9681 2.7609 -3.7287 -9.4488 -4.2844 -5.5492 -0.4518 -7.7921 -9.0123 -9.7317 -5.3516 2.3618 1.6078 -4.3536 -1.2306 0.4268 -9.4707 3.4009 -3.7135 -0.7754 1.9434 1.601 6.7226 2.5339 6.1283 8.5369 2.7318 0.8566 -0.4126 4.657 -4.4788 1.517 7.7069 0.6601 -3.8386 -2.075 -0.6879 9.9902 0.5444 -1.3042 -7.0943 3.6334 9.8212 2.3295 -3.1312 6.9349 5.463 8.7209 -5.4523 -4.6971 2.5536 8.2096 6.926 -7.8492 -3.7661 2.5875 1.1938 -7.7723
3.8085 8.0302 -6.1509 5.7433 1.6757 -1.768 9.9699 7.4894 7.4327 8.9918 -9.2973 -9.6591 3.5962 1.3788 -9.7803 1.2446 6.8089 0.4393 -8.9911 -8.6469 0.3336 6.6456 -7.3529 9.9528 0.7616 9.5404 -4.5725 0.8121 9.639 -4.8691 -7.9022 -4.286 8.9977 -9.3558 -5.9408 5.1387 -4.3872 -4.4655 7.5717 -7.4758 -7.0129 7.6674 -8.0651 -7.1897 4.4244 -4.6465 -8.4766 2.5658 9.2894 -1.823 -1.4124 -1.4041 7.8754 7.4204 -4.4859 -3.849 7.4327 -4.7093 8.2117 -2.4106 2.4175 7.3669 0.5039 7.2028 -6.3537 0.1262 -3.3579 9.8498 7.0275 9.7547 -0.8578 -1.3489 -4.3861 3.5091 8.8221 -7.3684 -4.2621 5.7407 2.7955 2.2225 -0.2966 -8.4564 0.9485 -7.163 -3.7997 -4.0493 8.8034 -6.6167 5.9595 -2.4229 1.1893 -6.3027 2.6451 -5.1632 7.1612 0.7015 -9.6921 -2.5713 7.4285 7.2168
2.8106 -3.318 2.51 1.7083 -5.3713 4.8653 9.4125 -4.8597 -5.9108 3.5924 3.5813 7.2927 3.2558 3.1729 -9.0174 2.6437 3.5252 -9.4901 0.3526 5.4074 7.741 4.3312 2.5721 -8.185 8.5095 0.162 9.4722 -0.0076 4.2994 8.3868 1.1232 -1.7854 -5.3493 -5.0862 8.7985 0.6833 9.751 -6.2633 -0.1869 7.5423 7.2242 4.2094 -7.7907 1.4695 -2.0693 -9.2749 -4.4971 -1.6252 6.0329 3.4849 4.8626 -0.5272 2.4494 0.3768 -1.0005 -3.2184 -1.8509 4.2973 -2.3481 -0.6054 -8.6222 8.223 -4.6876 -0.4744 0.1894 -9.0411 -0.946 7.6647 -7.8236 0.5417 -8.0996 8.1667 2.4693 -0.4774 5.4519 9.2971 7.9832 3.8274 -0.9665 -3.5137 -3.5324 -4.2892 0.9695 -3.6024 -5.4721 5.8851 -9.3762 -7.4167 -2.9071 1.7001 -4.5856 -2.9658 -4.7683 7.901 6.4695 -7.1419 -6.4833 -4.771 -5.3454 -1.4781
9.5959 -9.6071 9.0202 8.4544 -1.3 -2.9773 2.6916 -1.8013 -3.2949 1.0131 -6.0645 4.5249 -6.3603 -3.5476 -7.7673 -8.0645 -1.7881 3.155 -8.2259 9.8102 -3.6301 -9.295 -5.1106 4.7855 -5.7411 8.346 3.5644 -2.2672 -5.1303 -5.5657 8.4465 2.4135 4.8486 -3.9312 5.8386 6.5304 -3.5123 -8.274 -9.2421 -8.6903 -1.7799 -1.0954 2.7596 2.7397 0.2335 -7.7568 2.5747 7.4783 -2.6951 -6.6986 -1.0203 -0.8805 4.169 -9.8112 -9.9578 6.5423 -5.3359 6.2648 2.1396 7.5438 -9.3982 -7.2478 5.148 -8.3303 -7.0357 7.0212 7.2667 -1.2534 -1.8205 -2.8375 7.8368 -8.2096 5.6716 7.8718 -7.3545 -5.5577 -5.0332 -9.2633 3.8911 4.2013 6.3487 7.9971 3.6857 -5.1235 6.2223 -5.7649 -8.9744 5.5225 -3.7421 4.1518 8.7418 7.6856 8.5917 -9.4209 2.0122 -1.2432 -3.6093 -8.0664 6.0485 -4.244
-8.4942 -4.3231 6.5641 -4.5617 2.5925 -4.4961 -9.2013 7.6584 7.221 9.7888 -5.9595 6.7637 3.7805 -7.6712 2.5535 8.2717 -4.8142 -4.845 -6.4173 3.8356 4.2792 6.7178 -5.968 1.0924 -0.1573 7.475 -8.3925 -7.9361 -1.3105 -8.9155 0.6499 -8.5706 -2.6524 -9.8967 7.9012 -8.8167 1.6898 -2.2376 -5.4845 -1.4362 3.0103 -4.8194 0.7174 -3.6253 -0.7356 -6.475 7.5659 5.0969 -7.1241 -1.1088 -5.4746 9.6532 0.9289 -7.6372 -9.3437 4.7623 -7.2555 7.4347 6.0388 1.2246 0.1823 -7.6847 -5.4461 -1.0305 5.0065 8.7021 4.688 7.0204 -2.4039 -6.3302 7.2311 3.5636 1.9694 -7.1326 -2.6287 5.8786 -5.7426 -6.009 -7.2769 4.8385 3.0633 8.7444 -1.3876 -8.6122 9.2407 8.4414 -5.2366 3.1238 -4.4958 -1.926 -5.7254 7.2041 -5.576 9.1267 9.9061 -5.6611 5.3473 -8.6708 -5.8262 6.5315
2.6849 -0.7947 7.1133 -9.5378 2.0431 8.5398 -4.543 -1.2559 9.7228 6.9373 9.0066 -5.25 6.3804 9.46 -7.4596 0.4071 6.9538 1.5737 4.7836 3.2283 4.4401 -0.1345 6.0714 5.8902 -2.948 -4.7233 1.9024 -4.6128 3.5124 8.2405 0.108 6.6901 2.4319 4.1515 2.2095 -2.2332 -7.2249 -8.6401 3.0383 -7.8608 -5.2189 6.1867 1.5576 -1.5523 -2.8588 -6.5811 2.0218 -5.8641 5.2292 -3.8117 -3.9846 -2.9649 6.9145 -9.2451 9.1514 -8.6605 4.7258 6.0086 -4.2643 -5.1893 -4.8439 -5.6873 3.5883 1.8678 0.6551 -3.8624 9.2732 3.897 8.8633 -7.8631 9.8493 -2.1138 0.2544 -2.2091 5.2161 -0.881 7.6735 4.9703 3.6096 -9.1211 -2.9655 -5.7027 3.4429 -1.0264 -7.3649 8.0747 7.1281 3.2864 -6.7993 -1.7751 1.1461 9.9062 9.9724 5.4073 -0.466 -0.5811 -6.4397 0.6149 9.3516 -7.1585
-3.07 -2.7887 -4.5001 9.1897 5.816 -3.9555 -8.249 9.1284 -8.3123 -3.592 6.6284 -8.4264 5.0443 -3.6213 1.0146 4.8913 6.1283 2.5165 -1.218 -1.9761 -6.5029 -5.6131 4.1005 -8.6317 5.8928 -9.9208 9.7637 -9.1403 -7.4986 -6.1839 -9.1319 9.8335 1.2947 -3.1535 2.1499 2.2577 7.4811 -7.1033 -7.228 -7.8158 -5.1945 -7.9128 2.2736 -0.2017 -8.2104 -5.426 -5.149 -1.5656 6.7003 4.2451 -2.2152 -6.1384 -7.1362 8.5523 -9.88 5.329 5.2867 -6.2769 -2.7423 -6.0968 -4.4619 -2.2611 -6.795 7.8834 3.9272 -1.6272 -1.6069 -1.9918 -9.4687 -4.5257 1.0639 -8.0592 4.7936 7.5645 4.9127 -1.5785 -3.9367 7.0161 6.6096 -9.3929 -2.3401 -8.1119 4.778 -8.279 1.6126 -5.8128 -0.015 6.0282 -6.167 4.8965 -9.4557 -7.4307 -8.7041 -1.2182 -0.0552 6.938 7.007 -9.7721 -4.7723 2.8356
6.5044 8.7653 5.8997 1.5699 4.0823 1.2455 -7.4804 1.3184 -9.1958 -1.1768 -4.9471 -3.9554 -6.8567 -6.2888 -4.1362 -8.2116 -6.6641 9.0427 0.6819 -5.5923 9.2689 1.2234 4.0768 7.1776 -9.7304 -5.1644 1.5816 8.0518 7.7476 4.4202 -4.6249 5.399 7.6189 1.2773 -9.2182 5.8122 -2.9261 -2.8936 -0.2724 3.0391 -3.3479 0.8459 7.3266 4.877 8.3372 -3.7597 1.8716 8.6192 -5.4133 -7.1091 -8.471 -7.6784 7.4563 8.6776 1.0753 -3.5194 4.5295 2.5384 3.2586 -3.0909 -0.721 1.2266 4.8069 -9.0426 4.3119 0.7216 -1.3809 6.5211 5.274 2.6131 -9.0245 -7.7951 1.1115 8.3882 4.0952 3.8056 -3.8814 6.9885 8.9829 0.7649 -7.064 6.6276 3.5174 5.2875 1.2021 -2.0705 -5.9654 3.9559 -5.3412 -0.7636 3.129 -3.0621 -0.2578 -2.3503 -5.6544 -2.8405 -4.2742 2.4831 -1.4269 -6.6448
1.7355 -4.4479 9.9137 -6.2933 5.0712 8.7993 -9.1475 -5.2496 2.7271 -5.7756 -5.4602 -3.0559 7.7073 3.6308 8.892 -0.7754 -1.3419 -3.8375 -7.6329 -9.3537 -1.3052 8.5843 8.8069 9.0017 -8.1276 0.1682 6.9455 9.0585 5.7777 -0.3191 -8.1825 -6.1829 -9.629 -8.0531 -7.5771 -4.5883 9.0721 6.4819 2.6165 -4.891 -2.8562 4.6288 -4.4336 -8.9548 -4.8237 -9.7402 5.2524 9.0945 1.1264 6.5842 3.3837 2.5312 -7.907 -1.2714 8.679 -8.3918 3.0611 0.9083 -5.9949 7.5098 3.2467 5.6613 1.0913 0.8027 9.1431 8.6263 4.8522 9.2885 7.9988 5.5581 4.2426 2.68 -4.4292 9.0002 -4.263 4.9111 4.6485 8.7018 8.7808 3.4129 6.4601 -4.4946 -1.9516 9.301 9.4987 9.3447 -1.1574 -3.2577 -7.5991 5.6598 -4.5904 -6.284 0.3785 4.4465 -8.5668 4.2615 -0.2293 9.1843 -2.6921 7.5947
8.9172 3.9881 -6.9081 -8.0417 -1.0399 -6.865 7.1252 -2.6424 -0.5443 4.0332 1.6661 3.5813 -1.9868 -9.1177 -3.2834 9.2774 8.2966 -8.4508 3.873 -4.9689 -5.3562 -8.1911 -6.1312 3.124 0.3919 -4.8929 3.923 -0.4451 -1.9143 -6.3871 -9.4099 9.7803 8.5697 -0.1636 9.3961 -3.238 2.4293 -6.557 -0.2937 3.1033 5.1603 -0.584 -0.8042 2.4574 -4.8351 4.8345 6.1872 -1.3337 2.3922 -8.6656 3.0953 -7.5906 -0.432 3.6612 -7.7615 -3.0032 1.2797 5.9549 0.6644 -4.7144 -6.3337 -8.7022 7.8788 -4.9492 -0.3397 -1.0348 -7.5756 8.5052 4.6653 1.1596 8.8267 3.0607 7.8717 5.5711 5.6368 4.3425 -0.6596 -3.5748 9.4427 1.2967 -1.9303 6.5816 3.2964 2.8158 8.3291 7.2143 5.8497 9.0129 -9.5095 0.269 -0.1465 0.0793 2.9395 -9.8275 -5.9608 -8.3643 -1.073 -7.5751 6.4411 -6.9083
-6.2902 -5.2436 1.9779 5.2289 -3.2921 6.3131 6.0413 0.8314 -3.7195 -1.6106 1.5758 2.2394 8.3562 -9.9321 7.3244 9.6051 -7.1699 4.7794 2.6179 9.6962 2.0796 -2.2784 5.3099 1.396 8.8831 -2.641 6.2635 -9.25 -9.8668 -5.8138 0.7849 5.2477 0.9571 3.6507 -3.6439 0.1553 -3.7218 -4.8546 -5.2873 -8.5712 8.5995 9.3164 -7.0994 -4.7016 3.6754 4.7048 1.8893 2.9633 -1.5969 1.0761 5.0951 2.2148 -9.9383 -7.1502 -8.0557 -0.3717 -9.0394 -8.5073 -0.6837 -1.7947 4.2626 -0.9855 4.8442 -0.4825 7.682 -2.6952 1.4012 -0.9986 -2.3661 2.7524 3.1351 -5.3804 8.9878 9.5005 -6.854 -2.2767 -9.7258 5.6653 -1.5577 -2.2631 -0.1693 1.5056 -1.4015 3.1905 -3.1357 8.8277 -2.2784 -3.135 8.0834 7.9854 -7.0518 3.5375 8.3859 -7.8835 4.107 -6.7234 -2.7815 3.0695 -9.658 8.7125
-2.1457 -8.5902 4.1852 -5.2075 7.0184 1.2684 -0.1266 -1.7711 6.7492 -7.3579 5.2122 -5.141 -1.4555 5.2887 -8.7472 2.5071 1.118 -6.2506 -4.0587 -8.4095 -3.5182 -8.6031 -3.8516 5.8145 9.3022 2.299 -6.7659 -8.5408 8.3207 5.1074 5.6047 -8.812 -7.6752 3.9214 6.4304 5.5061 0.9457 0.1893 2.1828 -6.1334 0.5947 -8.2026 -1.2246 -3.2149 1.8942 -1.4705 -7.6995 0.3334 -5.1312 9.2699 -6.0877 3.0239 -1.447 -9.5247 9.7074 4.564 8.2816 1.9102 4.1766 -6.4433 8.5577 1.8694 3.7989 -4.856 2.1459 -9.0723 3.3064 -8.9677 -2.4766 -1.5192 -9.9233 2.5269 -2.1336 -3.7535 -7.5552 2.5912 6.6569 -8.8202 2.8149 -4.9223 0.5493 -7.3462 6.0053 4.0439 -9.1688 6.3127 -3.2808 0.5132 -8.1953 -3.7809 -4.4283 3.6883 -3.5715 -7.9213 -6.2953 0.2392 -8.3903 -4.4448 5.302 -5.6392
-6.1068 -1.3916 8.9422 8.1428 -1.1987 -0.1259 -1.6336 8.9045 0.5772 5.8686 -8.6461 5.2496 -6.6112 -2.7014 -0.1385 -9.398 -3.7221 9.2634 -9.5922 1.2214 9.3621 3.9498 -4.9634 9.1701 -3.8244 -7.7399 -8.9363 7.637 -4.139 -4.0868 -2.4941 1.6198 6.7334 -9.1118 -0.3584 5.4318 4.8541 7.4271 1.1619 -3.308 -5.2578 -3.4365 5.9782 -0.3149 -7.8534 9.885 -7.2264 -5.7886 -3.6631 -7.4592 -1.0865 1.8462 8.5871 2.6081 -9.2637 -4.3127 -1.3038 6.1337 8.7727 -4.7794 -6.2115 8.3881 2.2371 -6.3297 -8.7844 -9.5679 -2.1124 5.0341 3.025 -6.4624 2.4983 4.1761 0.1904 2.9117 -2.9068 7.7184 -9.996 -0.8809 -4.5298 4.3492 3.5332 7.9672 -7.8124 2.4055 -8.2592 6.3619 1.2829 6.8969 -5.0659 1.7993 -8.7842 5.077 5.25 -6.8098 1.8151 1.0437 2.2124 -7.4977 -4.7047 -1.3224
-6.9407 -3.4196 -5.4357 9.4555 -6.0379 -9.7159 4.9108 -0.461 0.9384 -9.2482 -1.9311 -0.1084 4.609 -4.4663 -0.6904 -2.8286 -9.9967 -8.9665 8.2546 -1.2275 -8.8872 7.8289 -1.3145 1.0191 -8.7033 7.5323 -6.9545 -9.374 5.0912 9.763 -6.2991 8.8613 -4.4432 7.8019 -1.4553 -5.3475 -8.8788 9.2045 -8.3197 -2.5942 -4.1834 -9.1924 -2.7761 -7.3887 -8.689 -2.7453 4.1098 -4.1082 6.9349 3.2018 -5.4424 -8.3572 7.9913 -8.7015 -4.2123 6.6031 1.3443 -3.4203 -3.4266 -2.935 -9.7184 -8.0727 -3.6309 -0.3653 7.6188 3.248 8.7106 7.0958 4.1338 3.3225 6.2004 3.663 3.4452 -2.3728 2.5048 -6.979 -8.5873 -2.1028 1.096 8.5172 9.917 -3.9006 3.4007 -8.0194 8.6573 7.5115 8.7308 6.1793 -5.1015 4.7382 -5.4289 -0.6347 -4.3994 3.3665 7.9403 -6.3185 3.1186 -5.3744 -8.5401 -5.7647
-1.3805 -5.9665 -7.7383 7.4189 -8.1405 -1.6006 -3.8843 -1.3608 -8.8975 6.1368 0.1523 3.8782 4.9336 5.2689 0.9599 -4.2913 -8.5166 9.9307 -8.7402 -0.8839 -4.113 0.8275 -3.0244 4.7075 8.9252 8.8203 -3.975 7.456 -1.7065 -5.0164 1.8633 -9.4858 4.6844 9.0225 -2.4153 5.9495 2.4243 -3.0408 -6.0036 7.856 0.9211 -5.2575 -8.8764 -1.2646 -5.0628 3.183 5.5803 7.0231 -9.0437 4.2148 -4.9148 8.5881 3.0095 3.4646 -4.3776 4.7214 -8.7805 -4.9609 2.9873 1.214 9.2326 -3.1195 7.0892 8.5767 5.5445 3.3163 -7.0496 5.4926 -2.1635 -0.4279 2.7324 4.077 -0.4574 2.8302 5.1625 -0.376 -8.4911 -4.8989 6.5566 -5.4992 -8.2117 2.3131 -9.4312 4.3276 -3.8368 -9.0275 -3.4288 -8.8006 -1.0094 -7.4196 5.3766 2.0368 -8.1082 7.2916 -4.1589 -7.2369 -9.8528 5.0138 2.696 -1.7029
2.179 8.2301 6.0877 -3.8107 -0.8737 1.0586 -4.9832 5.4268 -3.6224 2.5221 -3.6833 0.3835 -8.7174 -3.9453 -2.1091 4.0223 -4.1682 -8.8338 1.5566 -5.0718 6.3458 1.9085 -3.7208 6.6668 -4.0517 8.7245 6.9031 -3.35 -3.6688 -8.2431 9.293 -5.6708 -1.354 -1.9324 6.9655 -4.888 -4.5979 0.3075 -3.8237 3.8941 -0.4839 -3.8753 -6.3732 4.119 1.6435 0.2063 -6.4128 -2.5921 1.3759 2.8733 -9.2912 9.2112 8.9448 2.4259 4.2717 6.3474 4.1267 3.7958 4.6264 -7.9816 4.6188 -9.7561 -6.3616 -5.9644 0.3074 -0.3705 5.3698 -4.5401 8.4115 -0.6 8.8526 -6.7807 -7.5391 0.3326 -7.966 5.295 -1.745 2.6858 6.1086 2.0117 -4.9528 -1.4675 0.2845 -6.7011 -6.2144 9.5533 -5.7951 -9.4191 1.9505 -0.2463 7.6739 -6.6388 6.3887 -5.9097 -1.7949 -8.807 -0.5942 0.6175 -8.0962 -6.8739
-5.8456 -0.4392 1.3591 -3.9278 3.0931 -1.8395 5.4307 8.8835 -0.1508 -8.4108 5.0185 -0.5088 -7.4773 -7.0292 4.9086 0.348 3.779 -2.2538 -0.7801 8.9563 5.2944 -8.0767 -8.0246 0.8438 2.6033 -8.1539 5.2881 3.297 -9.4986 -2.5724 5.3446 5.4432 3.8027 2.7034 9.4008 5.7135 -3.8965 -2.3191 -2.2959 9.9703 5.1209 -4.5856 -6.9078 5.3513 6.0583 -6.4988 -5.3645 -0.0464 4.9174 -6.9346 9.0886 -4.0593 -7.5253 -0.5176 0.406 5.37 -0.9246 9.1479 -5.3216 6.9522 -4.6609 -7.6001 4.1671 -9.9489 6.212 5.4568 6.5076 0.7671 -2.4556 9.758 4.9238 -3.4685 3.143 4.0164 -2.6747 6.7494 9.4819 -0.3863 -4.4777 0.3912 4.9958 -0.3368 3.9891 4.2445 -5.5205 -0.7297 3.6782 8.2933 2.5912 0.2575 8.2688 8.5214 -9.3451 2.7497 -9.0312 3.702 -8.7074 -0.5674 -6.5883 -1.4231
-1.5485 5.4897 8.1081 -5.8955 -9.2982 9.0426 -8.5777 -9.8993 -0.8917 -3.1461 7.8655 -7.5826 -3.0132 0.5971 -5.8022 8.1071 8.9892 -8.0289 -1.1741 6.3499 -6.0272 -8.7129 2.1166 9.2926 -4.2317 -5.5732 -1.1333 -6.4534 0.6829 9.3408 -6.0579 -0.9324 -4.6654 5.3884 -9.2394 -7.7411 -9.7413 5.8121 -0.9809 2.0004 5.7132 2.6282 7.876 7.5866 1.1825 0.8547 6.6024 4.4695 -1.1738 -2.2332 6.3731 6.7981 1.4841 -0.1407 0.8638 -0.9926 -8.2398 -2.8204 6.7312 -7.8565 9.3079 5.9405 -4.6229 -9.0547 1.0923 -9.5483 8.9808 -4.9261 5.2283 -2.6125 4.0887 -7.7984 8.4691 -2.63 -1.8117 -8.7068 -3.2694 -2.6612 -6.9058 -2.4202 -8.6136 -1.6892 -6.3817 -9.0848 2.5448 9.5051 -6.015 5.0142 9.9418 7.646 -3.8406 1.1664 -7.4999 1.7845 9.6407 4.2108 4.7427 -5.4547 -3.6532 4.9188
8.1324 -5.5176 4.6558 -7.9775 -9.3327 -1.6506 9.7299 2.0619 -8.7512 9.0552 6.703 4.9167 -2.6616 -2.063 6.8612 8.977 -1.3206 -3.5042 -6.6497 9.5794 -1.9143 4.6507 9.6646 -1.4666 -9.0326 -7.4151 -9.2025 6.0473 -3.0697 -6.9959 -7.8502 -2.0653 7.0299 2.5604 -8.3307 -9.4635 -9.9226 4.0768 5.9047 0.5418 5.3688 -7.5629 -5.484 8.008 6.4605 -7.0378 -1.242 3.5029 3.8803 -4.8075 0.9538 -4.1269 9.2611 -5.9662 4.4228 5.9727 4.1217 5.1717 8.1623 -0.6025 -4.2556 8.525 3.1846 -9.499 3.643 -2.1293 -1.8736 -6.2935 -8.5945 0.6169 6.9518 -7.2788 9.7377 5.971 -9.2667 -0.7178 -4.6566 -2.191 9.1296 -8.287 -4.8333 3.3294 8.8043 5.5521 -7.6799 -2.4919 9.176 -7.8768 4.1518 7.6991 0.5571 3.5041 2.5302 -0.5511 -4.9908 -9.2432 -7.0879 8.4891 5.6629 7.7781
-8.9703 -0.5163 -2.9093 -7.4908 2.1558 -5.6595 3.7633 4.2497 -1.13 -0.8587 -6.1253 -4.6989 2.3198 7.9405 -4.6897 -6.868 -0.2502 8.773 -9.6248 5.8719 9.7714 -8.422 4.9597 -3.9431 3.4752 1.9601 6.4596 3.9483 4.1318 -3.3408 -6.4932 -6.0701 4.1688 7.8715 -9.0972 -8.069 -5.3777 4.5843 2.6762 8.5963 -0.3562 8.4354 9.1565 -0.7584 -7.9939 7.2226 4.0148 -5.513 9.6442 4.4183 -5.1719 6.7003 6.2918 -7.0769 0.5576 -4.2002 -3.8082 -5.846 1.3486 -2.8713 5.9756 -9.0246 9.5836 7.0693 -9.3044 3.725 -7.4908 -8.4033 -9.1706 5.8173 0.763 4.409 -5.6358 -1.8524 -5.953 9.1904 5.6079 -6.0881 8.427 -4.6305 -1.7133 6.8714 -4.3278 9.4808 9.1681 6.4085 0.7796 4.884 3.7277 -4.588 -3.7273 5.7352 8.4885 -9.7401 1.4986 8.4973 -8.8124 1.4679 -5.8187 0.6446
-0.1264 -8.3834 -4.3424 -6.7932 -5.0447 -2.1948 -5.5008 -8.4163 0.5125 3.4473 -4.0734 -8.8897 -0.5275 -3.3738 -6.3147 -1.267 6.4464 -6.3745 -0.9526 7.2578 -5.9723 -9.4282 6.108 -4.8571 6.9799 -3.4577 -0.9265 3.0583 8.6434 -8.008 3.5351 5.309 -2.1366 -6.6792 -2.1443 9.0132 -9.3833 -5.4505 5.1027 4.1974 -6.7511 3.175 4.4071 -2.6101 -0.4299 9.2065 -0.5827 9.2976 2.7935 -2.8826 4.3924 8.909 4.9697 -5.607 -2.8696 8.7017 2.514 8.3562 1.1272 9.0869 4.2124 1.7775 0.6331 5.3374 7.7618 -3.1622 -7.424 3.6975 0.1543 6.7462 6.2603 -6.6791 5.4467 -8.3922 -6.6263 -0.4963 8.6911 9.6931 9.2612 6.319 -5.1512 9.407 -0.8063 2.6057 0.5558 0.7589 -6.505 -5.5563 3.2565 7.1542 2.7442 -5.2152 -7.184 5.1193 6.1239 0.6521 -2.2117 -0.71 4.1218 2.4833
7.5091 8.2649 6.9714 -0.9149 1.9469 5.1345 0.5163 -4.5203 -6.2294 2.5676 5.4353 8.8528 -5.1287 -3.5669 -2.0166 -7.4482 9.3374 -3.5434 -2.9183 3.4641 -6.9682 3.3002 9.8003 -2.6702 -2.7177 2.3329 3.0308 1.9529 -4.8645 4.7797 6.0203 6.8208 -4.9814 6.5353 -4.7529 1.3803 8.6516 6.1305 -6.9137 1.7121 -2.3489 -3.2948 8.3497 -9.0392 -4.9378 3.7635 4.1198 1.0028 -4.5483 -0.8189 -6.0086 9.8323 1.6724 -2.4322 -5.2114 -9.4363 6.3915 -6.3468 3.3195 -3.1358 9.5284 -8.4422 -5.0748 -4.4912 -2.7295 9.1887 6.733 0.7093 4.5757 2.127 9.6476 1.5222 1.872 8.4329 -8.9161 7.0344 -0.7925 -1.4676 -7.2728 -1.3863 -5.2041 -6.4795 -0.5388 -7.0701 -8.0393 -9.185 -2.2953 2.0481 9.206 9.4151 -4.4516 5.8591 5.82 -0.3646 -4.9384 1.3224 -2.4206 0.5645 -7.1294 6.7907
-0.5667 -1.9807 -1.5457 2.8028 -6.8656 0.0714 5.8937 5.348 -7.0382 6.8119 -0.8195 -4.0186 -1.0875 -5.1733 -4.8596 -1.6035 8.9629 -8.1576 -1.4732 -9.8203 -9.5934 -6.71 4.3594 -3.4969 2.2853 7.8421 5.3681 -3.985 2.6892 9.0305 0.7897 -9.0161 8.2476 5.2445 -5.3898 5.2328 0.1709 -0.0539 9.8685 -7.9074 2.8917 8.4643 -0.9146 -1.0119 2.0634 9.7363 -7.3967 -6.5878 0.3977 8.6273 -3.7919 -5.2953 5.0349 -7.5698 -7.9303 0.6195 5.9716 -7.3643 -2.414 1.9215 -5.3424 6.3665 6.6337 5.0613 7.7252 4.3104 -1.2037 -0.6811 7.1543 5.6005 -6.9469 -9.7768 -2.3129 6.8004 6.9036 8.7066 -6.7258 -6.1227 6.8099 6.4251 -9.3978 4.7929 9.4339 -2.4695 -8.6396 0.0989 -1.2371 -3.394 2.0402 3.0503 -8.4615 -3.0313 -7.8011 -6.4304 -0.59 4.3996 -5.7394 -8.4082 -0.9479 0.2093
1.449 -0.6554 4.9424 -9.8374 -0.0083 8.4421 -6.5106 0.7256 9.2508 -5.6225 -9.3603 -1.2621 5.3138 -1.8766 7.6959 -7.004 2.801 -2.9341 5.6007 -0.7389 -4.7489 -0.6705 8.7581 8.0882 8.2204 -2.4354 5.7083 7.0728 4.1427 3.2711 -2.5242 6.9514 -7.3385 -1.1496 -3.7645 -6.5336 4.4631 5.5193 6.0526 -0.0273 9.7669 3.7837 6.1101 5.9193 -3.6582 6.3347 5.8728 8.16 4.1073 1.6752 7.6222 8.1823 -6.0978 -0.6842 -9.8754 7.6133 -9.3314 3.1756 -8.5025 1.8642 3.8613 1.8757 9.2601 -1.4592 -8.3433 6.5878 9.7701 6.2936 -8.2042 -4.9941 9.5467 5.2593 4.2063 -0.1249 2.8462 7.8046 0.987 -5.8326 -3.549 8.738 -3.9818 -2.7413 -5.6014 1.7746 3.7224 5.0926 7.3459 -0.3525 0.2395 -3.8896 -5.2678 1.9353 -0.0358 0.9887 8.2963 9.0894 0.2164 -0.7456 -0.7057 9.669
9.4006 6.6883 7.6077 6.5612 6.6013 5.2691 -7.792 -5.5709 7.959 2.11 -4.6769 -4.2964 1.557 -1.9727 9.7943 -7.8058 -0.8498 -6.3261 -7.103 9.3531 5.635 -4.1821 3.7863 8.8957 0.3271 8.3653 9.8533 7.9987 -2.6334 -6.8779 3.7818 9.8031 8.8756 5.0141 5.4426 -4.9982 -2.5711 3.9957 -8.2992 1.9005 -7.0323 -3.8078 -6.562 -9.5602 -0.2746 6.458 -4.3412 -5.7078 -9.0616 -6.4403 -6.2671 -5.1945 2.6924 9.3533 -8.8568 7.4096 -0.4137 -7.68 6.7818 6.8812 -8.5974 -6.8629 7.1007 8.2874 -3.9629 -7.1798 -9.531 -6.457 0.9878 -8.2163 -9.1681 -8.582 0.3144 -0.3567 1.086 5.2846 -6.1478 1.1959 -1.8675 -3.9279 -8.0478 2.9364 -7.8608 1.8881 3.7724 -6.7222 6.3106 -1.686 -6.8659 -2.8278 -6.9753 9.0922 0.9535 -0.0947 5.4074 1.6698 6.913 0.7844 -9.998 -2.1047
2.2985 -6.0958 0.7117 -0.3114 -9.8186 -3.331 9.0026 3.2447 -1.0072 -4.3595 8.4229 -7.3765 9.3052 1.3126 6.706 -6.9082 3.5183 -1.4324 4.1029 2.4681 -6.6894 -1.052 9.6901 -8.2584 1.2945 -1.1646 -0.0855 2.7347 7.6482 -4.1327 -2.2645 3.6908 5.0894 6.9023 -1.4812 -4.2775 -4.9491 -3.8581 3.1357 2.2778 3.9487 -9.968 -9.4183 -3.3691 5.3912 -2.6187 -0.0685 6.6637 -1.0242 -9.9419 8.6432 5.6034 -7.5839 -2.9263 -1.4464 -4.5339 -2.4738 -6.0126 -2.2432 -1.2285 1.3527 -1.235 4.7959 -0.3355 -0.4784 -3.4785 -2.6592 -8.903 -3.753 -7.4167 0.5782 -1.8866 4.508 9.3571 7.0659 1.8713 0.9555 5.4864 -7.0957 1.435 1.4774 -3.2372 8.2077 9.4286 9.4477 7.5962 3.6925 4.3385 6.0325 5.8337 -8.4738 5.5225 -0.0743 4.5457 -2.0611 -2.6894 -7.312 5.3683 -1.1002 0.9196
5.8194 -2.0062 8.3383 7.1854 8.4416 -0.3972 -6.7456 -8.1509 7.9076 3.2036 -8.3199 -0.2577 3.2687 8.7857 4.4879 -2.1077 4.2397 -3.0374 -5.0429 -7.1003 -2.2206 -5.5259 -1.3572 -1.0258 -7.305 9.345 4.5852 8.9245 6.5087 -6.1631 -0.1911 -8.0656 -6.7331 -2.4132 8.2472 2.4264 4.485 1.964 9.4213 -0.5698 -1.109 3.1876 -8.2498 -2.8251 5.1543 -0.3096 5.6477 -5.1429 -1.9881 -0.9164 -4.0086 -7.9458 1.5365 -4.9065 -2.1677 2.5984 7.4194 -3.35 -9.2271 -6.1279 0.3607 3.0117 -3.0031 -3.7349 -4.1884 -5.0288 1.2546 -4.1149 4.9283 3.4361 -5.5428 -4.9745 7.4609 5.8103 4.2492 7.5103 3.4578 -6.2765 -0.4907 8.386 -6.209 -5.6664 -4.5141 8.5185 -7.5592 0.702 0.9344 -5.4732 -5.4585 3.8413 1.6581 -9.6406 -1.6005 9.9779 -9.2939 3.6946 2.5366 3.1538 5.0635 8.8233
2.3108 -6.8103 5.8072 3.9315 -0.7374 2.8277 0.2924 7.0464 -6.0184 -6.9427 -7.3623 -3.9606 6.4294 1.2776 6.4182 6.9548 -6.2955 2.3833 6.3498 9.7592 9.2232 -9.5199 4.5033 -1.8061 -4.6937 -6.9314 4.1286 -1.2314 6.6779 0.5394 -0.6746 6.4792 1.8505 4.8185 0.2183 4.4606 -3.2583 3.0358 9.8325 2.401 -9.4918 -3.1372 -6.4879 5.3045 -5.1183 -4.5742 1.1289 8.5938 -6.1714 7.109 9.28 -9.6236 -9.8716 0.377 6.6933 -0.7304 -9.7543 0.5222 -2.9828 -6.2133 -2.8227 -3.337 0.607 0.4373 -8.4663 1.4186 0.0184 -4.5793 -2.9645 4.8524 -5.9461 -5.2745 8.147 -5.5325 -2.8414 -2.9432 -5.5704 6.8479 6.4228 -2.7428 -9.2589 -6.5717 4.7214 4.742 9.1508 -8.421 2.0784 7.5554 6.7025 1.948 8.5437 2.2024 8.9723 9.4187 -1.0069 -1.3997 -4.9788 -4.7999 5.066 -3.9047
-8.1117 3.4125 -5.2775 -0.4933 -6.3772 8.8069 -5.6181 2.5497 -3.0659 -7.4802 -1.1948 -9.5198 -5.6631 -4.6506 2.251 3.0274 5.1472 -8.9297 1.8967 -1.7626 3.8632 1.6134 8.842 -3.8853 6.7973 -1.9653 9.1993 -7.0723 8.3614 -0.8578 -5.9154 -6.684 1.8515 -0.3755 5.2943 -5.5398 6.4569 -3.9556 1.0288 -4.4344 -6.0069 7.642 -1.0913 4.0251 2.6548 -0.0362 -9.5539 -0.9618 5.1899 9.216 -0.3119 5.3935 1.9109 -3.0789 -1.3766 -8.7238 8.2748 9.4016 -3.8376 -7.8151 1.4769 2.6844 4.0877 4.8225 -7.7055 -5.3093 -9.692 4.8121 3.1535 6.4031 -6.6652 -4.0879 8.0401 -5.117 -5.2954 -7.2722 -4.9659 -3.1542 -1.7047 2.2826 -0.5894 -3.1658 1.592 7.7014 -7.3268 3.6754 0.4275 1.39 -8.4689 -1.9 -0.3041 -4.494 4.9234 -2.2686 -4.986 6.019 -2.601 1.0693 -0.6159 -9.7278
-4.6224 2.067 -2.206 2.5149 1.1613 7.3443 9.9555 -2.3318 -8.233 -4.1407 6.4617 2.3437 8.1573 -3.4559 4.576 5.8806 -8.942 -0.0005 -9.6276 -6.0124 7.7771 6.6509 -0.879 9.5518 7.7495 3.6411 4.3339 4.6921 -3.8258 3.8366 -1.3724 -9.087 0.8591 6.2141 9.1949 -5.9321 -1.3554 -8.0254 -0.5114 4.8642 -2.839 2.4208 -4.8987 3.2745 -9.18 9.1302 6.9404 -5.7134 -0.1554 3.2561 3.1786 2.2859 6.6168 -0.4287 -2.2406 5.6197 7.1621 9.5456 1.7823 -6.8854 -3.4386 -7.715 -8.1551 -7.0716 5.7767 -3.4337 -5.4043 -6.7625 -5.0349 -8.269 9.8935 -3.9413 -7.227 7.7232 -4.0751 9.3992 -4.0217 9.8708 9.0657 -6.921 -2.3585 -3.6516 -8.6783 -2.5192 2.0097 -0.2039 9.4977 -0.2289 2.6191 -6.1953 -2.6527 -1.1395 -2.9909 3.9371 -3.3079 -5.0503 0.2032 8.7422 -0.0938 4.1203
3.269 -4.1595 -6.9966 -4.2138 -6.0408 1.1785 7.7883 -0.5458 1.2789 -4.7953 6.0288 0.2277 -4.1886 4.1556 9.9713 6.3343 -6.6753 -2.8956 -6.8971 1.6181 -2.6122 -4.2205 -2.3462 0.3678 -6.9195 4.7225 -9.4475 -9.5735 -3.7678 -5.6606 2.9038 7.0513 -6.689 8.869 -6.0115 8.824 -6.1544 3.6186 -1.1228 2.8776 -4.1715 7.0149 1.7727 -7.2731 -4.7851 1.6844 0.9872 -9.6606 2.2192 4.0904 -5.9453 -3.1728 -1.4176 -2.4152 -4.7331 8.9305 5.3257 -3.3671 -4.2132 8.3994 -4.255 -5.45 -1.4207 -2.974 0.5476 -0.9238 3.9344 2.8547 -3.1462 0.9151 9.7212 2.8297 -9.7832 -2.3324 7.5518 9.0133 0.848 1.5298 -3.181 -2.8283 -8.2802 -8.7557 9.2438 -5.755 -1.2328 -0.8054 -3.7241 7.1548 3.9884 -4.9239 8.3447 -2.48 -9.9223 8.6559 -4.6671 -6.838 -1.8289 7.3377 9.465 1.4432
4.77 -9.1401 0.9562 8.6778 7.012 -9.6723 -4.6265 7.3188 -9.4796 -3.3584 -2.6185 -7.3212 -4.3224 -8.1517 -3.0928 -9.0328 -8.6949 -0.5021 7.9486 4.4536 3.204 -7.8823 -8.6203 -3.6779 0.9077 -5.9666 3.0615 -0.959 -6.1869 -3.5274 4.8432 4.4672 2.8101 -6.4259 2.5057 -7.3228 8.3083 -9.2335 -1.5499 9.43 9.0802 -6.0171 -1.3433 5.4521 -7.1721 3.685 4.3483 -8.7004 3.5184 1.9122 -3.9107 -0.7189 -8.3159 -9.851 8.6109 -2.4657 7.3578 -2.0967 -8.007 -8.9063 3.0534 5.9063 -8.1039 -5.8476 -7.7238 5.935 3.4503 2.7138 1.4008 7.8308 3.4096 -6.7044 8.4294 2.8272 -8.4804 5.2112 -5.0567 -6.6039 -2.9289 -1.2063 4.3692 -7.0287 -9.9457 -8.2758 -5.0633 8.3073 -1.1395 0.9568 0.0105 -8.1247 -2.9845 3.8607 -7.4336 -1.0134 -7.0043 -4.2724 -7.9935 1.1045 -4.6711 -5.0562
6.4743 2.8877 -0.2427 -1.1355 -2.6199 -2.0253 7.1395 2.8023 0.2116 -0.0271 8.6306 -6.9812 -5.3993 6.7692 -0.131 8.3137 9.6245 -4.9985 0.5296 -9.2968 9.9981 -5.7464 -5.6001 2.9858 -9.6153 -1.5074 6.4256 2.1525 7.8927 -0.7968 0.0726 6.7361 3.3211 -5.2997 -3.4442 3.888 4.6144 7.8729 -6.4522 -4.5852 -6.8334 -2.4189 3.7271 -0.0612 -1.3391 -8.3294 1.9606 -8.371 -8.0153 0.2582 9.8994 1.4005 6.9941 3.5803 -5.0571 -4.8205 6.1433 5.5458 -6.4535 6.07 -3.4648 -2.8968 1.6215 4.142 -2.4331 3.0112 -6.4738 -4.7433 6.089 -2.0257 -4.3164 -1.4727 8.5163 8.1879 -2.5878 -7.8417 -5.1648 -7.926 5.625 -3.8914 4.7692 -4.2817 -9.3733 2.196 7.1587 4.782 9.1483 4.6512 -7.1129 4.7643 2.799 8.4591 5.125 -1.2539 4.5077 -1.0068 -5.1398 -2.6018 3.3681 -5.7532
-8.7956 -2.6462 9.8513 -8.213 -3.0377 7.1971 6.3416 0.6443 -8.9897 -8.0735 3.0206 -7.3507 6.5543 8.9931 3.3879 3.796 8.9981 5.9499 -2.1788 2.6192 3.8892 6.45 5.1434 1.3775 -4.2799 5.6965 -9.501 -4.8984 -3.318 7.7752 1.4553 8.474 3.2188 -1.7478 0.3078 -1.2826 7.9795 -7.3099 -8.7454 -4.7735 -6.2457 8.498 -3.5631 -4.5485 -8.3182 -2.4107 8.183 7.2966 0.9898 8.5189 1.8873 3.7642 -8.1504 5.0584 9.9146 -2.5728 -4.4007 -5.1663 -1.2727 -9.8289 -6.0063 -2.0854 -0.7496 0.9659 -0.0454 3.3197 0.9854 1.1491 -0.1057 1.2579 4.5728 -1.5471 7.722 -5.2502 0.3562 6.8623 -5.5508 -8.4853 6.6384 -9.1422 2.7846 -4.2716 1.2897 -6.571 7.1751 -6.7932 -8.7004 4.1492 1.8501 0.409 0.4815 -9.0409 -9.0593 -6.8276 4.7437 6.3044 -6.8015 2.1016 1.0263 -4.1136
8.9736 1.8859 -9.3412 -6.8514 -9.5817 6.7206 0.1267 3.2454 9.8718 1.066 7.479 5.7506 0.2073 -8.5281 -9.839 1.8426 7.1827 5.5291 -8.4411 3.4783 8.6612 8.0911 5.128 1.5888 -9.607 -4.9464 -4.2004 -3.79 9.1629 6.8583 -1.6046 -7.5517 6.8375 1.6717 -7.7243 -0.0322 -7.0932 -5.6831 3.4571 5.1145 4.1132 -5.598 4.685 4.175 -1.3505 2.2274 6.4818 -6.5953 3.6871 -2.9293 -1.9419 -8.1016 -9.9163 -4.6753 2.1965 -4.6289 -4.5536 3.5987 -7.2449 -2.2193 2.7295 3.3365 5.5492 -4.5927 1.3842 6.6043 9.7866 3.0986 3.4301 4.7718 -5.0774 -3.1887 3.647 8.2163 -1.1667 9.6506 7.2948 7.2007 -8.6187 -9.5995 -1.3859 4.1399 -0.8679 -2.3668 -4.9271 -0.079 0.6146 2.6307 -2.291 -9.1707 -7.2883 2.1478 -5.294 2.9136 1.605 7.7813 -8.7819 -2.6204 -3.966 2.329
8.0723 9.9575 -3.7579 4.7709 -6.0384 -2.4054 7.0626 4.6252 6.4428 8.2754 -2.952 2.808 -2.7817 5.8261 -6.6601 9.5487 5.7242 -6.986 -3.8566 0.5145 4.8923 1.9868 8.8626 -8.5516 0.8743 7.337 5.791 -0.2622 0.6783 -4.0695 7.1144 1.3584 -0.8267 -9.0669 5.5001 8.2767 9.0705 7.1094 -5.7775 8.2019 -4.0829 -5.161 7.669 8.0071 -5.3594 -4.8419 6.5903 -8.9248 -3.0365 4.8498 5.7435 -1.9115 -9.0641 2.9781 3.4816 0.2467 -8.6105 -7.7325 -8.9251 -5.7729 7.9572 9.7907 -3.2813 4.4798 -0.1611 -9.7048 -6.346 1.031 -7.3515 3.6308 3.6438 7.6745 -8.5279 -4.0696 -6.7048 -9.6013 -4.9892 -8.6593 -6.5535 9.3187 6.4382 2.7887 7.4441 6.9321 2.6986 -2.9301 -6.5465 -9.8934 -0.2574 -7.3385 7.6517 -2.6704 -8.7923 -5.7522 -3.9851 -2.2917 -3.7734 -1.5288 3.9711 -0.9788
5.5809 8.4033 7.021 -1.8715 8.3289 8.4204 -1.6713 -8.2695 1.7149 -0.6666 -1.5237 -8.1773 -5.4821 6.4188 1.1088 -2.3522 -5.7392 9.2904 9.046 7.3559 -3.0933 1.8866 6.5139 -5.0862 8.7655 -6.9607 0.3754 -9.2383 7.5153 8.8398 6.2797 7.9765 5.6071 7.7723 -9.6335 -1.426 -2.4502 7.79 -3.6031 -7.6628 4.2843 9.5443 -3.6346 8.9206 -6.1596 3.0412 9.1591 5.6015 -7.2162 -5.8389 2.8511 -6.0901 -2.5094 -8.1492 -6.7615 -0.026 0.7634 2.3861 -4.6691 4.3128 1.1646 -6.933 2.2175 -4.7495 -0.906 -6.1632 2.2063 -0.4907 -5.6702 -3.5695 9.6024 -6.3089 5.7179 -6.5861 7.1186 9.3355 -9.6655 -1.3223 5.4107 -3.0631 -8.3572 2.2842 -1.1133 5.8107 9.0012 1.825 0.3763 0.0856 -9.8171 -9.4462 -3.0583 4.9707 -5.4049 9.1325 -9.7684 -0.595 -8.438 -6.2812 0.1127 -5.262
4.4765 -1.5587 -2.2667 -9.7814 4.4962 3.5265 8.5379 0.3165 -5.8554 -3.2208 3.0172 -5.3595 7.1463 -4.9957 -8.2938 -4.6375 -4.7968 7.4531 1.533 -1.7567 -9.1406 3.6634 -6.9923 9.1166 1.8303 0.2281 6.8406 -1.2763 1.7508 -9.0912 0.4205 -6.5229 -9.3521 3.5665 9.7374 -6.8605 0.3308 -7.7462 -8.7224 -5.4966 -4.313 -9.8693 -1.7733 3.1928 -7.9561 9.932 3.7669 9.3283 1.2732 -5.1086 -2.2869 3.5751 9.6202 -5.4665 -5.7 9.3685 6.5247 9.3231 -8.5778 -2.0549 -6.14 -7.4925 -2.7223 3.5695 -5.887 7.198 3.5151 -8.1124 0.437 -3.5369 6.1754 -9.7516 -4.7519 -7.0345 8.772 0.419 7.8224 9.2696 9.3855 -8.7512 8.4623 0.4616 -0.7027 -2.3575 -3.0369 -0.0388 -9.2011 -5.3487 7.8659 7.3334 4.8851 4.5781 7.6931 -6.9801 4.3859 -4.0018 -7.2755 5.9315 4.7477 9.9662
9.8237 3.8375 -7.0076 9.8581 -3.0533 -3.6994 -6.2537 -5.2107 4.1624 9.7446 7.9319 -2.5915 -5.4305 -4.2713 3.9653 6.0352 3.0994 7.6189 -4.9198 -7.1677 5.0171 -7.9823 -3.0074 -8.5524 4.7218 9.1162 6.6119 -0.777 1.0446 -1.1573 4.4426 -2.3813 -7.7944 -7.7333 9.0601 5.3912 8.0927 2.1585 9.7067 -4.3795 -9.0159 -6.612 -1.3298 4.7775 -7.2396 -8.9031 3.191 -0.9088 5.2657 -1.6612 0.1227 1.2995 -5.2298 9.9683 -6.1408 -7.06 8.6644 1.0147 6.0636 0.0764 2.8516 -1.5561 -9.2318 5.6559 1.1383 -4.9126 -3.4342 3.5601 -1.7733 5.3762 8.2389 -1.0145 5.5583 6.1973 -6.6585 -4.968 6.0588 -5.818 -8.534 -5.9781 1.2428 8.7768 9.7771 1.0457 3.7023 -3.403 -7.1641 2.4953 -4.9816 6.837 2.9373 3.9265 7.667 1.427 5.824 -5.8342 2.9548 -2.8888 -0.4045 -1.9853
-4.7416 2.5103 9.7108 -8.1839 1.6511 -0.326 -5.4768 -9.2406 -1.9063 -3.3841 7.008 8.4725 -1.536 -0.8574 -1.8095 4.361 -6.1797 -1.8747 8.7502 4.6216 8.613 -0.6731 -5.9062 -6.5388 -5.9458 0.4698 -2.5739 5.7944 5.1948 0.2201 8.503 6.1636 -6.6113 6.4772 -4.8934 3.2113 -4.5651 5.1193 -9.2222 2.3737 7.666 -1.8186 8.6662 3.3787 3.2738 -4.3151 -5.9783 3.6401 4.6398 5.6378 3.6854 9.2917 -6.649 8.9174 2.7376 9.6993 2.501 8.7391 0.2065 -2.2233 -0.2065 -1.9056 6.7478 -8.7993 2.455 9.3227 -9.1066 -8.0134 -3.3715 -0.5595 -9.289 -1.9938 -9.9997 -0.7663 0.3573 7.4287 -8.7165 8.1064 8.6732 -4.1015 -0.49 7.9645 -9.4889 6.7643 3.7915 -8.7176 8.0821 -7.8884 7.2528 0.7076 5.5389 2.4649 -9.6102 -5.6206 1.6729 4.5755 -8.6494 -8.0722 -8.2676 1.1472
-4.9723 7.3913 -0.9965 5.0546 -8.1062 4.7794 4.5908 5.0728 -0.8505 1.3321 -3.5038 1.1951 5.7369 -8.5708 -8.4601 1.263 9.1179 4.5956 7.0583 1.9099 4.3933 5.9019 1.5303 0.1498 2.3367 9.4242 7.0521 -5.6602 -1.3237 6.2192 6.5731 -3.2786 -8.764 7.3391 5.2591 7.069 -2.5606 9.6443 -7.2926 7.739 -6.1993 -6.9591 6.8187 -7.2008 -4.3358 -5.4409 8.0573 1.986 5.7281 -3.4027 8.4523 -7.0944 -1.3427 7.4749 6.4864 -6.1015 -5.2971 4.3291 -4.4151 -1.2873 2.1073 -4.4214 2.8452 5.0784 1.8376 -4.806 -1.082 -0.028 5.9547 1.9509 2.9122 5.2852 -2.6047 1.6677 -8.6552 -7.0967 3.5312 1.2657 -7.2356 1.608 5.3683 -4.669 3.9328 5.4402 -1.6875 -0.6431 -4.5063 6.7709 -0.3338 8.9634 -5.4931 -5.4841 6.103 9.1585 2.58 -6.2192 -3.8588 1.2328 7.5966 6.1981
-6.2519 8.8859 -5.05 -9.0746 -1.7088 7.5844 8.3865 7.3341 9.4191 1.6377 -8.5143 9.9178 -4.6613 7.5473 -1.7316 -3.0478 9.7288 -5.2523 -7.4547 8.1621 9.5214 -2.6844 4.4182 7.3423 -4.7929 4.0435 9.481 -3.98 -9.0914 3.8526 -6.9335 6.8682 4.3543 -7.3444 5.1947 7.4914 -2.6404 -1.295 -9.0021 6.0719 5.5225 3.5702 4.0395 9.6312 -4.536 4.0022 -8.4282 -4.8008 -1.9517 -5.8689 0.5512 -2.6192 -4.9189 9.4443 -6.4321 -7.5129 -0.8414 -7.7097 -0.2587 -0.2955 0.384 1.9998 -1.3551 3.1768 6.8993 -8.3701 -3.209 0.4267 -5.9569 4.9832 -9.4715 3.8056 -7.7459 -5.5834 -0.555 1.1918 -9.0642 8.0191 7.7458 -2.6515 2.039 -3.7827 -2.6505 1.9648 -0.7547 -9.8488 -0.9121 -2.0216 -6.9273 -3.4946 -2.6882 -1.3497 4.6174 -7.3922 1.0708 0.3281 6.9025 7.8675 -0.6578 -6.8404
-9.1276 1.3789 6.6569 9.8918 2.0899 5.331 0.6559 6.4608 6.2771 8.4278 7.8124 -0.3599 1.3257 -4.6361 -7.7787 -2.1667 2.5244 9.6767 -1.2919 9.3139 8.4338 9.4641 -6.0059 -0.8552 -6.88 -0.6606 -5.885 0.0535 -5.6353 9.4136 -0.8516 7.6954 3.4178 -3.7643 6.9291 7.9539 -2.8834 -8.7078 2.2624 4.6249 -3.1975 -1.6023 -1.683 8.8828 -7.7056 -2.6698 -1.8122 1.6587 -3.1309 9.1952 3.5532 -2.1739 -7.5624 -9.7802 -2.1818 1.7381 1.4549 0.699 0.8034 8.7652 -3.9453 -0.4958 -1.5341 4.0186 4.3731 -6.1091 -4.4466 -8.3697 -1.1354 -7.3558 1.8638 -7.6285 9.1583 -8.1288 5.6497 4.5683 -6.3655 -8.5668 7.363 -3.7274 3.2951 -6.5837 5.1128 8.2501 9.0989 -0.9184 9.9353 -5.9104 -0.6379 9.6438 4.0134 4.0214 3.4987 -0.4359 -5.887 3.2202 1.0092 2.7078 -4.4575 -0.0078
-3.3082 2.7729 8.4852 9.0051 -2.1623 3.5846 3.1641 1.6626 9.6504 -4.916 1.7105 -3.4603 2.7452 5.2418 8.7681 3.5959 0.5903 8.1099 1.3524 8.7392 0.9738 -5.6519 5.0377 -6.6869 2.8435 6.7815 -5.6398 2.663 -2.5693 6.9385 3.5815 2.8542 4.2061 -3.292 9.7332 7.5003 -8.176 5.4022 -9.0665 -3.5673 -2.6261 -4.0047 -2.2577 3.0657 3.8976 1.9994 -8.5261 1.2257 5.5147 -5.1142 -3.9055 -4.3927 7.2537 9.5504 -9.0733 9.6584 6.3489 -9.1187 -1.7283 -1.3344 -2.6445 5.2198 -4.6442 0.6902 -2.3743 4.547 1.1364 -4.0036 -0.4002 -7.6864 7.6104 3.055 -2.4876 -1.5083 -3.0371 7.7911 3.7885 3.7859 0.3969 -9.7042 -5.9461 2.0947 -5.7955 1.6508 0.7365 0.9164 -9.2931 8.8344 -5.5763 0.2181 -0.9319 -4.0002 8.0917 0.2857 4.8941 -8.7171 -6.9394 6.4017 -7.335 -0.8708
-7.1468 1.8115 -6.4732 9.8962 -1.9994 6.2318 4.5011 -4.7053 -3.5099 6.6911 -8.1728 -1.8103 -7.9834 3.4556 5.0226 4.5967 3.9136 -7.7044 9.0767 9.1394 4.5893 -7.3274 0.13 9.9814 -4.0824 7.4272 2.4222 -0.3684 -0.3156 4.6253 7.0443 -9.7543 9.8045 0.4319 0.4463 -5.6332 1.8771 3.1909 -5.4944 4.3294 -2.6248 -2.7508 -6.0857 1.5062 9.6348 -7.3692 1.5208 -0.6961 4.7328 6.4532 2.3049 2.9628 5.8496 1.8042 -3.1126 -7.484 -3.1516 -0.1487 -6.6409 -7.1207 -8.1817 -0.1649 -7.1074 9.0255 -1.9073 -5.3593 3.1259 3.9271 0.596 8.8942 8.0306 -9.0253 8.9052 7.7034 -9.6029 -6.5979 -2.5393 0.3196 -3.5176 -4.9616 -7.0148 -0.7645 0.3679 -2.7469 4.3793 8.5289 7.3157 -8.6076 8.8558 -6.4589 -1.858 -5.3444 5.8778 -7.4499 -9.1642 9.2052 -6.8616 -2.6865 8.5992 6.1835
8.949 -9.7061 2.7526 3.302 1.586 -4.09 0.5892 7.2937 -7.0365 -4.1509 4.4426 3.196 9.1473 4.2527 9.5985 -1.3007 6.229 5.2008 -0.3831 7.6465 8.9437 -3.7782 3.0467 -3.168 -4.5064 -7.2738 -3.7557 -3.4853 -8.6001 4.9328 2.2056 4.5778 7.4614 6.1569 -6.7838 -7.6479 3.0776 2.838 3.5151 -2.0041 6.6327 7.2067 -0.7199 1.5703 -5.4483 3.6556 -0.9983 9.0196 2.1655 -1.5975 -6.2407 -4.1625 -2.5032 -8.1861 3.185 8.8247 -7.042 -1.8369 1.2021 3.6263 9.0216 -1.9622 5.8685 -5.9941 5.3594 5.1951 -6.673 6.6842 -1.4852 -7.0384 -5.4703 7.772 -2.0885 7.5435 2.9934 -9.6089 8.3168 -3.0573 7.84 -4.2576 -5.4552 -7.4119 7.55 -4.9938 4.5578 7.6444 3.9231 1.3373 4.8889 -8.6574 0.1007 1.0356 -7.5838 7.8677 -5.8097 8.3407 -8.4033 -7.8641 -5.5642 -2.3142
-5.0876 8.7907 -3.7131 4.7316 -4.35 2.2984 -2.2933 6.143 -5.0486 4.0962 7.4282 6.1168 -3.05 -1.7449 -9.6511 -8.8512 5.8989 -6.7531 -5.5391 -1.9655 -9.5974 -6.665 5.1787 -5.363 -7.4222 -3.7699 9.926 3.4855 8.9138 0.0913 -9.7781 -1.8716 3.4188 3.2779 -1.8469 6.7838 0.8654 -3.3353 5.0512 7.5771 4.2357 9.1819 -1.2275 -5.3046 0.8435 2.6491 -5.9713 -0.1216 5.8459 5.4029 4.9296 -0.2885 -5.8941 -0.1922 3.9039 -7.212 -8.2402 2.8481 2.3029 8.8395 6.2451 -2.7457 6.976 -5.817 8.1262 9.0226 -5.9712 -8.5593 -9.2037 -6.1715 -6.595 1.005 9.1898 -0.3659 -1.271 7.6514 -0.3685 -8.0441 -0.3496 1.1203 -7.932 3.4895 1.4882 2.5501 -1.6619 0.0849 4.7868 3.3266 -6.8966 5.9702 -1.7247 -8.7028 6.098 4.123 5.1377 -5.6631 -0.6151 9.6655 -0.3673 -3.6705
5.2433 -2.088 9.5032 4.2033 -4.6618 -1.162 -5.2518 -6.586 2.4375 -2.3187 -9.9094 -8.7907 0.2866 -5.2087 4.8121 -4.6422 -0.7142 -3.4694 -1.5107 5.9071 -1.7407 -4.3322 -4.5332 -8.7834 0.9577 -3.5191 -4.7175 6.04 -5.574 0.8587 9.4537 -4.1298 -2.6819 -5.3245 1.987 -5.0231 -5.5956 -5.4875 -6.8064 5.7108 6.7256 3.9505 -7.6742 9.7697 2.1825 0.4354 2.4004 2.8696 7.6505 7.7681 0.2889 -8.5466 -1.7831 -7.3108 -2.7852 2.3761 -1.9022 -8.4434 -8.0109 -3.2929 -4.7915 9.199 7.5701 -4.212 -7.7768 5.891 -1.9121 -9.4207 9.3717 0.2365 -5.4671 6.81 3.6298 -4.4938 2.9566 5.778 -4.1221 -6.0522 -4.7432 1.4248 8.6955 1.1813 -3.7259 5.5045 -6.7986 8.9469 1.5769 7.2209 -6.1098 -2.9419 3.0976 0.7511 4.5507 4.3084 -0.6968 0.7883 -2.1419 1.1627 3.8652 5.7676
-7.2979 -4.9874 -1.7199 -7.5626 -9.3296 -4.7479 4.2758 -6.6039 -5.2276 -6.9355 -6.0028 -7.27 -7.908 4.1775 8.55 -7.0424 -2.1592 -9.5585 6.8764 1.2114 0.5098 -2.0613 -2.7149 -1.6006 -3.4838 2.0906 -9.2927 -1.8133 3.6084 -5.0065 8.2613 -1.6938 -9.9857 -5.076 3.3259 -2.2493 9.4902 -9.6384 -1.8093 7.5956 -6.2355 8.6963 3.2138 -8.9965 -2.9298 6.8318 1.9523 -8.5682 -7.6282 -2.8004 -6.5163 7.7345 -9.7784 4.394 4.78 0.4691 -0.1599 6.6071 6.0718 -2.5183 4.9669 3.0666 3.8971 6.6819 -7.9297 6.2229 0.8075 4.0784 -5.8257 8.5355 -9.7512 2.063 9.4863 9.0051 6.8027 2.0976 0.3545 6.6775 -6.6944 0.8378 -2.7884 6.7933 9.7396 -8.1931 -0.8459 -7.5963 0.9988 -0.689 3.4789 -5.8403 -4.0161 2.7649 -0.1704 7.9457 -1.0971 6.747 -3.8019 -2.6568 5.4868 -2.2663
0.3616 4.1522 -3.714 -8.6716 2.4978 8.3229 7.799 -6.0087 -7.097 5.3177 -1.8136 -7.8966 -2.352 -4.6164 7.1592 -6.6815 -6.9031 5.7382 2.5984 5.6657 -8.052 9.2204 0.7859 4.8344 -8.1948 2.3429 -9.5322 0.1774 -4.1578 -1.9417 -6.1124 5.4505 3.4843 -9.1773 9.4333 -1.5615 -0.4485 8.7308 -8.3695 2.3716 -5.506 -4.8042 -9.8228 0.3207 0.0884 -6.307 8.0175 0.32 7.7019 2.9636 -9.593 8.3987 -8.0927 -3.279 -9.0051 3.5137 2.1543 7.699 8.2682 -9.6499 8.5429 1.9629 -3.1632 -0.639 -6.0375 7.0674 -3.7347 -3.4168 7.4546 -4.6886 4.494 2.9778 9.9094 -3.3666 6.1549 7.6505 -3.0243 -7.5193 -2.7367 0.1266 6.5857 2.7199 8.2318 -7.477 -7.6472 6.1972 2.5258 -6.4043 -4.6632 2.8342 2.1082 -5.8619 -1.4818 -3.1366 8.4885 -8.2868 3.294 0.3882 3.8731 2.9577
7.498 -7.6028 4.8722 9.3537 -8.7621 2.2207 7.5195 -5.1735 -2.8617 -1.2929 -0.1478 -1.629 -1.9021 0.3085 4.5436 -1.2943 -7.0172 7.0918 -5.1784 7.9557 2.588 7.6766 8.2231 1.8593 -1.0977 2.4976 3.1576 8.4255 6.9624 -5.0365 -7.1971 -6.7113 0.075 5.0485 -7.1896 0.4431 0.6612 0.5279 -4.4024 -1.7697 -1.7047 -4.1582 -2.7876 -2.4689 4.6523 -7.8081 9.7262 7.676 1.4993 -7.0384 4.2124 2.5445 -2.7557 2.1314 6.777 9.5729 7.5873 -2.7053 9.5839 -0.0408 -6.5966 -6.2678 -0.771 5.4026 -9.7435 -6.4416 9.799 8.6449 2.7512 -5.5324 2.5058 -7.7401 4.7892 -1.237 2.3522 -5.1392 4.2047 -0.1102 7.6717 -3.4378 -2.4831 1.3011 3.2151 -7.5318 -0.1769 0.4346 6.3096 -3.9832 6.396 -8.7057 -2.8369 3.3534 1.1112 8.7345 -2.0132 -2.4539 -7.6502 0.9758 -2.5429 -5.4879
-2.136 -1.6694 8.9207 -6.2244 0.7871 -1.2855 4.8205 0.5288 -2.3098 -6.0161 -0.0823 3.6133 3.2502 4.0246 3.419 -9.1591 -7.7683 3.7804 -5.3601 -8.1454 6.3356 4.9469 -1.5815 8.7255 9.5582 -1.338 0.1382 -7.4385 -5.5224 -5.564 -5.4027 3.1448 3.9351 -1.6234 2.3818 5.8887 -2.3924 -9.1643 9.449 -0.3363 1.5739 -5.7485 -5.1331 -4.5422 -1.3027 7.8182 -4.2541 6.8759 -6.4038 1.4225 -4.8779 -6.1726 -6.1065 4.855 8.7986 2.5261 0.6187 -1.2242 -8.1893 -6.4799 9.7621 9.8957 -7.4992 -1.8546 -3.1642 -7.1546 2.1283 6.1402 6.5108 -2.0634 -6.1228 -6.6439 -3.6015 -0.5495 9.1275 -9.9845 4.5 -5.6322 1.3123 -9.5264 8.3413 -8.679 9.9229 5.5229 0.9376 -3.3483 -3.7256 4.9689 -4.6991 -0.446 5.8707 -7.204 -6.5482 4.7444 -7.1607 3.7926 -3.2895 -1.525 6.0099 1.2656
3.8587 -8.192 -4.7748 -1.7192 -3.1057 2.5272 -4.3623 -2.8004 -6.0334 7.1013 9.9505 1.579 6.2076 -0.9111 2.9473 3.3272 -3.5758 -0.7233 8.8889 -6.5809 2.0426 1.449 9.9245 8.3662 -5.0591 8.1945 4.5898 4.2611 -3.8256 3.4195 5.0766 6.3474 -1.6162 4.6486 -9.3955 -5.041 -9.5218 -3.5894 -1.0691 8.5643 -4.6053 -0.5484 -4.3923 3.6034 -6.9903 0.0243 1.0811 4.1288 -3.6 -6.7201 -7.6823 4.6075 -0.6821 2.1204 -5.6753 -2.3274 5.6611 3.2935 1.6326 5.4758 -1.1443 6.0181 5.8504 6.3571 -4.3242 0.1459 8.2367 -9.5821 1.4678 -7.4938 -3.545 -3.9939 7.9295 -1.9854 2.3561 -9.5666 -1.9645 -1.3138 -8.7527 4.0732 -8.3397 4.1371 5.9747 6.1373 -6.1588 -7.8407 6.9653 8.7681 7.7657 5.249 -3.1812 -2.4009 -4.7643 3.433 -0.5736 -1.9726 -5.0205 -6.5087 9.743 6.2537
6.7695 -2.1626 1.3803 4.0188 4.7659 3.2919 5.3851 4.0371 0.5 -0.4822 7.4042 -9.6519 3.3235 7.3162 1.0645 1.1859 1.7217 5.5638 -9.7518 2.7129 1.0529 -3.7707 -0.3094 7.4173 5.2983 -4.9133 -9.9671 -3.1813 3.2589 -7.121 3.7494 1.4792 -0.8949 -7.0604 7.5419 -1.6644 -8.8424 1.5327 -9.2453 -9.77 -9.1632 2.2316 1.5402 -2.9285 -9.5093 8.6469 -7.024 3.9616 -4.9972 2.4228 -4.0606 1.3827 -7.7486 -9.9515 -1.9324 1.5863 3.3856 9.1616 6.85 5.4237 8.9797 3.9832 -4.1569 4.6165 -8.8067 -1.0047 -9.709 9.8529 4.5168 4.049 -8.6011 -6.8551 0.5006 -9.8742 1.0392 -9.2969 -3.7366 -2.694 1.7922 6.8011 -2.7711 -2.9293 -2.6419 -6.7525 -9.0737 -5.0169 7.9467 -2.8651 -1.3165 -1.2864 1.5196 -1.7207 2.0001 -6.8445 -3.8871 7.1757 -2.3264 7.7715 0.1691 -9.9894
-8.0454 -8.8564 -1.7082 6.5494 -0.2943 2.0406 8.5339 -5.0592 6.4993 -5.165 -7.8858 5.5201 8.7604 6.5314 8.3383 -7.6178 -7.1961 -6.4293 3.1726 4.5576 -8.9661 1.2616 1.7717 -3.3917 6.4687 4.8306 3.7251 -3.5516 -0.965 -0.2224 7.4129 2.2187 4.9898 -2.4189 3.3476 -6.8669 -9.2694 -0.2993 -1.1974 -0.6658 2.249 4.6988 -2.0754 -9.3755 -9.2391 7.6384 -5.0598 -0.5232 -7.4969 5.477 1.6883 -5.458 1.9106 -2.25 9.565 -4.6141 -6.1884 -8.9002 -0.9863 9.4471 -6.9189 4.0954 -8.8629 7.8235 -2.0258 8.9475 -6.9724 -9.667 -5.6905 8.9183 -0.5865 7.7387 -3.9652 8.4709 -5.0327 9.2683 1.689 -1.0703 -7.3692 -9.2658 -2.3162 4.0709 6.1161 -6.783 1.1213 -0.8927 -3.2546 0.8796 -5.0551 -5.8498 -9.7324 -6.7723 2.3521 3.5472 0.1553 4.942 -0.6336 -7.8582 -6.8947 9.2282
-2.0122 8.3941 -5.098 -3.2227 7.8184 9.6195 -1.1194 7.5843 6.676 -7.1081 -8.1634 3.1482 -7.3603 -1.1557 6.6839 3.3021 -2.6565 -3.9645 7.3435 8.7285 -7.4276 -9.3644 8.1225 2.7346 -5.2493 -8.1617 -0.404 7.2219 8.2701 -4.087 6.2932 3.6113 6.7735 5.251 -8.239 9.9929 2.6587 5.7925 -0.7495 4.3505 8.6355 -1.5926 -1.9839 8.7803 -4.6837 6.29 0.9938 6.0127 -2.3595 -7.7981 -6.5435 9.3959 -2.4313 4.9619 5.9143 8.2923 2.8688 -7.7338 -8.2827 -0.585 7.8488 -3.1995 -1.515 -7.6349 7.0065 5.7947 3.3994 9.0545 -7.0318 -2.1063 8.0346 4.4282 -5.8568 -5.5225 4.6965 -3.668 0.6934 7.3851 2.8652 -4.4907 7.0951 7.6437 3.1159 6.2565 -7.5503 2.6178 1.62 -0.3946 -4.4364 9.215 8.9984 -0.0733 -1.4306 4.7418 -5.8048 7.443 -0.8933 0.8938 6.2062 5.8463
-2.0802 -8.9144 7.3412 -9.172 -4.9174 -6.1115 6.087 -9.5032 9.0429 -6.9628 2.8597 4.3383 5.1411 -4.5437 -4.1582 -5.3334 -6.8762 1.2468 0.13 6.2783 -9.4368 -7.5769 -1.1632 8.8055 -3.5007 -9.4741 -5.5731 7.9192 -2.7412 5.5797 0.9256 6.7321 2.0622 -0.3505 9.3332 -6.1604 -8.3699 -5.48 -9.8667 2.3468 -4.0995 8.2522 -6.7183 -3.8726 0.0054 0.3776 -7.1943 -8.7673 9.0351 -2.8178 3.1322 6.2081 -3.6729 6.3202 -0.9412 5.3171 -6.6099 5.5961 7.0606 -5.4507 -6.1226 8.368 0.9392 5.4472 9.2371 -2.5241 -4.5469 -6.5182 0.2494 -8.8457 -5.3748 -9.9284 -6.8245 -0.0064 -3.5833 -3.8209 -1.8422 -1.4439 -4.6352 2.9744 3.5193 6.6832 -4.7254 -1.4029 -5.6106 -0.4058 -9.7768 -2.7515 -6.6269 0.835 -5.8636 7.2425 -0.8694 2.6721 6.8803 -3.6539 -7.7427 -0.2271 8.9222 9.4951
9.8535 1.4352 7.5399 -1.4468 -1.606 -0.786 9.166 -9.7527 5.715 -3.3623 -6.5584 3.6225 -8.5195 -3.9309 8.456 3.0833 4.2908 5.7648 7.9371 -7.3728 -9.0215 6.2597 -0.198 2.7143 8.6504 -3.0188 -3.5041 0.6845 -0.6382 -5.6467 8.8265 -6.9405 0.6791 -1.2445 0.5986 6.6036 6.1375 -8.6855 -4.4061 -0.5377 -3.6197 3.2448 9.3708 9.0852 -1.9504 -7.6644 5.4976 -0.9198 -7.5031 9.2748 -2.4156 7.2331 4.6981 -1.7349 -3.5748 6.6984 -4.7513 -9.443 5.8846 8.2973 -8.1574 3.8646 -7.4384 4.2324 -7.232 3.014 -5.8886 3.0109 9.2638 -8.915 0.121 -9.5922 4.5185 -1.2381 1.5775 8.3737 -1.0248 5.7558 -0.5307 2.3025 1.4665 -3.6118 -5.1668 -6.8842 3.4167 1.5959 -1.1015 0.4162 3.6363 -1.5849 -1.3651 5.9091 -8.8782 -3.2292 -9.3788 -0.8807 5.1062 -3.1001 -4.5648 9.8546
8.6615 -7.8926 7.2614 0.2952 8.6542 7.4819 8.4036 -6.2384 4.4084 9.4113 -2.7782 -0.6898 0.0564 -7.8115 -0.5254 6.7898 -4.6253 0.0387 -0.4329 2.5212 -4.3634 -0.1451 -0.0483 2.8541 2.7149 9.8816 0.4476 -1.432 9.6072 -7.5047 -0.1502 -8.9722 2.5125 -4.733 1.0181 5.8888 6.0568 -1.6135 -5.5659 8.9768 7.1263 -5.2447 -9.7579 8.1032 -2.7165 8.4596 2.1926 -2.1147 -9.1801 -7.6987 9.2489 -7.9172 -9.762 -6.8615 -8.4104 6.7919 5.5247 4.5877 -9.5529 -9.0576 -8.6168 4.4415 -7.327 -0.8598 5.8416 6.2245 -3.9969 0.4812 -4.6726 -8.3995 9.3566 -8.8357 -8.9763 1.2739 6.2471 2.0045 -1.4608 -5.8828 9.5455 5.3016 1.4151 -2.6905 -5.2861 8.9457 2.5415 -5.1322 8.7384 -0.7488 -2.2453 -6.5528 -5.8925 -1.4025 -6.5902 0.3047 -5.2283 -3.9596 3.26 5.2542 6.4885 -2.9909
-4.0661 -3.435 7.4025 1.5488 2.1385 5.5686 -9.6913 2.7833 3.5332 3.5122 -1.9017 0.651 5.5254 9.7802 -3.1534 9.5523 -9.3755 0.1899 -6.6967 -1.6315 8.0569 9.5631 0.9023 4.0202 -8.4423 -9.9838 -8.2314 -1.834 8.1524 3.3677 -4.6107 5.4925 4.7343 -0.9811 1.5847 4.0947 5.4586 -2.4047 8.5025 -6.9665 3.2912 -4.3098 -3.0905 0.4052 7.8885 7.157 9.9078 8.0463 3.1369 -5.1595 -0.8705 -7.3754 4.8377 -1.3179 -2.4818 4.2009 -0.5685 -8.6011 9.7667 9.8498 6.4712 9.6453 -3.296 6.0689 -5.636 -9.352 1.9874 8.9401 -9.2316 2.7375 -3.8926 -1.8083 9.9905 -0.3304 4.4674 8.0964 4.8662 9.9594 -6.3005 5.807 -9.4107 1.8967 -8.2062 -1.4521 3.0458 1.625 9.3329 -1.4355 7.204 1.7095 -2.5148 1.2238 -8.2702 3.1537 -6.5779 2.0418 0.6544 -0.7277 -9.5814 2.7
-0.0303 -6.4511 -9.406 -5.6835 -1.9336 5.266 7.8665 5.7482 -3.5277 -5.0065 -7.7382 -1.9055 6.3375 7.6178 4.5099 -3.3995 -5.2801 6.8456 0.5356 -3.9893 1.7366 -6.9644 -4.4176 3.9019 1.0923 -4.0351 -8.1784 -5.6481 9.2622 -5.0966 -1.753 -2.7912 -8.6389 -4.3556 -8.7083 -4.6154 -5.1371 8.0041 0.7705 4.4494 8.2289 3.926 9.8542 -8.0293 3.9821 4.4602 -1.5949 -7.1522 -2.9926 3.9194 -8.6281 -0.5833 1.1336 -8.8739 9.4963 1.0959 -0.9317 -8.3985 1.536 -0.8847 4.1177 7.855 4.1024 0.9773 2.2204 -4.0921 4.3011 -7.9515 -4.4841 -1.7394 0.3054 -8.4671 0.6051 -3.7903 8.6753 7.5912 -3.6061 1.5975 1.0659 -9.1886 0.097 3.4166 1.2792 9.726 8.7564 7.0935 0.0783 -1.9883 -6.7041 -7.3205 -6.3354 -1.3486 -0.3918 0.4097 -8.5971 -0.8711 -8.8486 2.4525 -6.4752 2.9344
6.689 6.0559 9.0513 5.7681 -5.6305 8.4584 -9.7424 -6.3925 2.5044 -7.4775 -8.1718 8.4089 -8.1711 8.2677 0.8047 -7.7952 4.186 7.2672 -5.4638 -4.746 -1.7687 5.6486 7.9589 -1.5002 -6.0551 7.1494 4.6646 0.6753 2.8687 5.3527 -4.9486 -0.2257 -1.5779 1.6886 0.2044 -8.2448 1.6557 7.0684 8.9344 -1.9836 -7.0815 5.8365 -2.6374 -5.1386 -3.1198 -7.0095 7.3668 -5.6105 0.6231 4.6285 -4.0287 -6.2298 -6.2775 -1.1601 -2.4686 8.424 -2.569 -1.2682 9.5919 -3.7448 9.4382 4.1089 9.6712 1.0538 -8.5036 -4.2862 5.869 -7.0041 0.0886 -5.0099 -0.8782 1.1684 -7.1355 2.9369 -4.9764 0.4215 4.6199 5.6215 -0.5418 -5.9961 -3.9551 -2.3085 -4.5456 9.0228 6.0017 7.5507 9.5389 0.3683 0.9471 -9.651 -3.2475 0.4305 -9.356 9.3429 8.1388 2.967 -9.0969 -6.2599 9.0342 -9.5028
-8.7435 0.9529 -4.6288 -9.9534 -1.3437 9.4767 -0.8842 -6.1293 1.952 -9.3889 5.7121 9.9449 -0.3691 -6.8799 2.7069 -6.8324 -3.8258 -3.5124 -8.4226 2.7038 0.8279 -9.1293 -8.2433 6.8804 -2.3107 -3.4196 -1.4369 -6.3598 8.5138 -1.5123 1.3016 -9.712 -6.3925 1.9807 -9.5556 -8.714 -9.9358 -4.7262 6.6242 -0.5965 3.0868 9.1341 -5.4374 6.9853 1.3147 0.964 2.3503 5.0148 -2.6521 7.4574 -6.2297 3.7614 -5.4895 -8.4771 -5.0861 2.5298 7.3309 -4.9109 4.2995 3.3863 0.4745 -9.3294 3.7207 -8.6875 8.6887 1.6585 -5.5117 -7.8619 -6.5639 -7.6211 -9.6578 6.1906 4.4715 -4.4936 -7.8678 -4.8508 -8.7897 -6.8798 -3.0559 -5.5319 -3.2815 -4.7102 -1.9418 0.2842 1.8466 -3.2881 -9.8627 -3.57 -7.6094 -5.0402 -0.7795 -0.5915 -5.6517 -9.5807 -7.7156 5.199 4.3882 -5.6727 -1.1561 -3.8397
-5.4393 -4.9512 -7.8401 -8.0007 -0.3408 -3.4683 4.0467 -1.694 9.0419 3.5072 -8.6718 -6.5343 -0.3877 -8.7219 1.3216 3.5011 8.1221 -6.755 -5.4114 2.3908 -8.8869 4.8022 8.2903 6.9668 3.1836 -0.1142 4.3258 1.8109 -3.8112 3.8392 9.336 6.671 4.8285 0.6219 6.3883 -7.5409 7.2154 2.0326 2.3144 6.2593 0.3037 9.2994 5.2535 -2.8316 -1.3737 3.7977 -2.9155 8.711 -1.8534 2.614 6.0943 -7.0499 7.6275 -7.9934 1.9909 9.1754 3.2949 0.4726 8.397 -1.346 -8.3205 -0.5431 9.0861 7.6713 -3.4867 7.1187 -7.1751 9.7158 -5.2155 -6.0906 4.8463 2.5145 -4.4754 -4.7152 5.2706 -8.2997 -8.1295 1.4997 -8.1603 8.0152 -9.1236 2.1549 3.0828 2.0172 7.921 -1.429 7.2055 9.0377 2.7384 -4.2804 -6.7242 -5.3776 3.0719 -9.0938 -0.6968 -9.5914 9.4662 -3.4654 -5.3175 6.7342
3.7432 3.5757 -2.0986 3.458 -4.6981 2.1983 1.656 0.5886 8.7042 9.8506 1.2408 -6.8321 6.1928 -0.0945 -0.3774 -5.982 -4.7679 8.5138 0.8026 -3.2965 9.5336 -0.3495 3.5315 -5.4495 1.3007 1.8303 -9.4064 -9.3558 5.936 -1.7464 -7.7856 -3.4644 -8.523 7.8045 0.1354 -2.0558 -8.9549 2.8581 0.8826 -7.6545 -6.8675 0.9127 -3.228 8.0229 3.2914 -4.4612 0.5295 -1.6086 7.7193 -0.8791 -7.6034 5.0665 4.503 -4.1861 0.6898 -4.9828 -9.7602 -6.7328 0.0908 3.5565 5.8895 3.8796 3.813 4.2163 2.5278 9.0453 -4.2935 4.2801 5.1934 0.0288 -9.2299 -5.3984 3.2667 9.2247 9.4481 -0.3798 -3.9606 -3.7461 -8.5539 0.4705 1.7227 -1.1052 6.3596 6.2823 -5.8802 1.5914 -3.6437 9.8932 -8.75 3.8603 9.0644 -4.3573 -2.5481 8.6274 8.1801 -7.7185 4.6342 8.5439 8.4472 6.1148
1.7391 3.4952 -5.2255 -8.1094 -4.5341 -2.5722 7.9553 -1.4171 -4.7534 8.0716 9.5824 2.2586 -7.4043 4.1004 2.1039 -9.1962 3.957 5.6879 -4.9249 0.3491 -4.65 -1.7213 -1.6609 6.5497 -7.729 -6.2451 0.6926 -6.8774 3.5578 -0.5032 4.9348 2.7377 4.821 9.1861 1.2533 -7.6071 -2.1937 -8.9772 -6.5581 -0.7531 0.2723 -5.1819 -8.4225 -3.678 -9.8195 4.3919 -1.3368 -6.6735 0.7884 -3.0676 4.6538 -1.4074 8.4462 -2.3262 -6.8376 5.9911 -4.4058 -3.7995 -8.4124 7.2397 0.9043 8.101 -5.506 -0.3199 5.6474 6.3576 -2.7599 0.3569 -8.5499 -5.8157 -8.891 9.3211 5.2875 -8.018 0.3459 -7.8631 -1.8262 2.479 6.0941 -1.9091 8.1658 -4.4162 0.7906 -5.5045 -5.0655 6.6125 -8.9121 -2.0889 -5.7275 -7.243 1.6054 -8.2522 3.5868 -9.8924 4.0214 7.3764 -9.946 5.8396 -1.0594 -3.0194
-3.0037 9.1922 -6.4976 -4.3351 2.2281 -5.1369 -6.3697 0.0081 5.671 1.8694 -9.3425 -9.9406 -6.0311 -7.1371 2.6875 -2.214 8.0658 -9.7749 4.9527 -5.1621 -5.4367 -6.7338 -2.5825 6.88 0.6388 2.6834 -1.1313 -7.2438 -7.3151 -8.6534 5.6552 3.8933 8.8912 7.2387 7.2189 5.4483 0.8039 -1.0597 7.3642 -9.996 0.7432 -7.0722 3.7387 -3.7311 3.8742 2.1584 6.1736 -9.3727 8.3322 -8.1735 1.0588 -0.7749 -8.7582 2.9627 1.4493 -0.5005 -2.1235 -3.8896 5.0633 -1.851 1.157 -1.5482 1.4824 3.9259 2.8522 4.4404 9.6389 -9.4466 -2.1764 -1.7769 6.2258 -2.5964 3.9243 -0.9938 3.3473 -9.6344 5.0733 4.9585 -1.0663 9.232 -7.0335 7.5732 5.8559 -1.0995 -3.2913 -8.5101 0.4487 -5.2303 3.851 -9.661 9.6904 2.0642 1.3527 1.1359 -2.9604 -8.3507 9.0292 8.9897 -7.7684 -3.4937
4.6983 -7.202 -9.5415 -3.8429 -1.8322 3.8402 -8.0912 4.6198 8.8234 0.4208 1.9963 8.862 0.528 -5.2861 -5.2878 -2.4921 -2.1871 -5.7286 0.2881 -1.6301 9.4854 3.7327 6.3724 -4.9005 0.5083 -2.2995 2.259 4.6305 -2.987 6.9785 -5.4386 4.1517 -5.9305 8.7347 6.8967 1.7801 8.1508 -3.9512 7.4522 3.0802 0.477 -7.7473 -9.0873 -2.1682 7.7794 -0.4023 4.8393 -2.1243 -3.317 4.3896 -3.4681 -4.7885 2.5386 -2.0008 -3.8131 -9.4025 1.5583 -0.1836 -8.7007 -6.2518 0.5441 2.8669 1.7605 -3.4991 2.3723 9.5705 7.9622 -0.4551 8.7831 -6.7763 6.8856 -0.9164 2.9455 -7.2215 -6.3437 3.6544 -6.9359 7.4061 -1.8758 0.7111 3.2675 -3.1374 -1.084 -4.492 -9.8374 2.3236 7.456 -2.3399 6.078 -5.8109 4.8425 6.345 -1.4339 9.2415 -2.0554 8.2659 -9.8874 9.9689 2.9132 -2.1296
5.7584 9.9528 4.5513 -7.4952 -6.0862 5.7549 4.8226 2.3769 -7.7098 -1.0881 8.0642 -4.7106 6.9972 -2.2014 2.2831 1.617 -4.7702 -5.6112 1.2995 -7.9964 -5.5913 2.1152 6.8607 -8.7023 2.0399 0.8204 3.3944 -2.0186 -9.8441 7.3768 -3.2201 7.7201 -9.1537 7.9011 -4.3684 -0.5144 -3.9615 1.2168 7.6938 4.105 5.4236 -0.709 0.4941 1.8243 -1.7111 9.109 -1.5676 -8.8188 -4.361 5.9503 3.168 5.5693 6.6252 -8.4634 -3.1805 -2.7055 -9.2734 -7.3973 4.8244 -3.1071 0.6862 -1.1541 5.7374 -6.83 -4.3019 7.6178 -6.3421 -5.8106 6.0852 -9.7425 -6.9671 -9.9532 7.0353 -4.2895 -0.5969 -3.4349 -5.0885 -3.6866 7.2946 0.3207 -2.901 -3.8647 0.2224 -3.4679 8.0091 7.0704 -0.0656 -2.3123 -1.6377 -8.1539 -8.7602 2.1982 4.842 7.2467 -3.9351 8.4115 4.8469 -2.6704 4.719 -2.1685
-2.1897 5.886 -4.9945 -3.9338 9.5288 -1.2606 7.4567 1.8141 8.308 8.1726 -1.2182 -1.4898 -4.4012 -0.2178 -5.6803 0.2424 9.5033 5.3102 5.6036 7.2423 1.3006 8.7353 -5.9994 9.5167 8.4885 3.7812 -5.0198 6.6127 -3.7134 -4.9891 -8.67 -9.2033 -8.3544 6.5191 -9.1016 -3.2104 8.3577 -8.1006 0.311 8.0655 -5.5555 -9.6805 6.7561 7.3302 3.7648 9.2883 -5.2427 1.9592 -2.6488 2.8439 8.0092 -3.5912 -0.6926 3.995 -5.8833 9.0472 3.0084 0.9572 -5.9556 -4.6236 -3.0858 0.0089 9.1537 -2.5003 1.2198 -9.0234 -1.4697 -0.8774 -9.3414 6.9673 -1.5634 -6.0206 -3.1244 -4.5215 -8.8748 -3.3349 1.1148 4.3522 -0.1676 -9.7733 2.9443 -1.7659 -4.4775 5.6648 -1.8847 2.1522 -0.3107 7.5742 1.029 -8.0933 -8.3573 -8.7885 -7.9706 -3.9056 8.6607 7.361 8.5382 5.6556 -8.6406 6.7076
-1.8221 -7.9482 5.0022 4.1397 4.8184 3.1514 -7.7954 -2.5077 -4.7744 8.8865 8.8066 3.1522 -7.3533 0.2057 -1.2032 0.7116 -1.5188 0.5326 -4.6303 1.4496 -8.3966 -1.2826 -0.104 -8.8028 5.5653 -8.8469 -0.682 4.3692 -1.4504 1.539 5.0203 -1.3184 5.2569 2.4093 -7.8563 0.3541 4.1435 -5.8762 -8.5022 -0.728 -0.6 1.3402 5.2696 0.6534 5.4411 2.0341 6.158 7.566 5.3454 9.8864 -2.5054 -2.4581 4.3009 -0.1781 -2.3299 -0.1836 9.5681 -4.4232 -8.6189 4.9765 -7.191 -7.4189 -9.9338 -8.829 7.027 5.1928 3.4984 -5.7859 -6.322 -6.5709 -2.4965 6.5093 -0.6303 7.0937 2.2746 -2.6316 -8.3153 -1.5234 -1.4495 0.8479 2.8605 3.1314 9.5739 -1.4444 9.7035 8.1804 4.7411 -9.4043 3.7547 4.0277 2.1392 -4.6493 -0.5 5.0319 7.6179 -6.498 -9.3025 3.6499 8.1831 -3.2832
5.0035 -4.6535 -9.4396 -5.5899 6.7165 -3.881 9.5234 -4.1293 7.1335 5.4679 -1.6716 -9.6546 -3.5308 0.5094 5.6613 -0.4292 -5.0066 2.1691 -4.8865 -1.9063 -2.1541 -8.9976 -6.8254 -3.166 -5.8421 -8.4134 -3.4506 -7.3066 2.7766 -2.7277 -5.5011 9.8323 7.1594 1.8874 -8.0349 3.9549 3.7561 0.54 7.898 -5.1634 -1.4095 6.428 -4.2535 1.2594 -0.4535 0.3922 -9.6667 6.1681 2.4119 -0.0268 2.4329 7.6774 1.9265 1.3752 -4.0407 6.3102 -3.1394 6.7977 1.1873 -2.7952 -5.6843 9.5421 -8.2751 6.1808 -4.802 -8.0051 -0.8235 6.2953 5.0109 3.1302 -2.4243 -7.7634 -0.3357 8.8705 4.4943 -9.8149 2.5191 7.1518 -5.4884 9.3069 -4.4821 3.5691 -3.3468 -7.6563 -7.1089 8.9218 1.836 3.7791 5.6965 -8.4854 -3.8976 -7.5825 0.4046 -5.609 4.7471 -7.2464 -5.0448 -6.9428 -4.4977 8.8009
-0.9647 4.5807 5.7395 2.4374 2.2974 -7.9141 9.7305 9.3421 7.1123 0.0749 -3.3688 -7.1681 9.7712 -6.9535 5.1807 3.6984 -4.247 5.5444 -8.294 -3.6295 -7.7988 -1.8553 -5.9943 -7.8289 -8.6322 7.4525 -1.9634 5.1072 7.852 -9.2256 -8.082 -3.775 -1.3204 0.528 -9.4261 4.1662 9.1023 -4.9269 -6.8789 6.6268 -5.2071 -6.119 2.2098 -9.5856 4.3909 -9.0578 -7.4499 7.3825 -3.0247 6.5845 9.3152 1.5951 -0.8935 9.5408 -0.0346 0.0622 7.4525 -1.7503 -4.2134 -9.0444 -0.301 -1.9012 9.2786 7.2338 -1.413 -1.0855 4.6145 -3.8341 -2.0004 -2.9562 6.2461 2.9091 -8.8867 -0.315 3.8132 2.563 -0.268 -1.509 -5.1559 -3.4413 0.0218 1.4177 -8.3191 -7.9415 -1.0765 -1.6718 -6.0984 6.1611 -7.3572 -7.4867 4.2814 -2.5734 -3.5805 -5.4076 5.708 -0.773 -8.0686 -9.496 -6.2674 9.5382
-3.8505 -2.8572 -7.5471 -6.5276 8.4471 -0.4608 -4.6818 -4.2853 -7.8931 -9.9631 -1.3806 -1.0096 6.0344 1.0835 -2.7839 -6.1111 -0.9555 9.7462 5.8641 7.2686 -5.7363 5.3528 -3.801 0.0408 -3.0042 -5.7605 6.2228 2.2856 -9.5442 6.5938 -1.8977 -1.6622 -3.9554 2.6148 -5.6732 3.7142 0.1963 -6.9158 1.698 1.4055 2.3741 -5.5763 -0.6511 4.5964 0.216 -6.6484 -7.2481 -8.0503 7.8203 9.9052 -3.259 -3.1679 4.8005 0.1572 -9.4916 4.2044 7.3154 -9.3666 -8.3862 -6.575 -5.4167 8.7657 -5.7768 5.0272 -9.1745 -0.1833 2.193 4.4754 6.3551 1.1685 -4.9891 -8.652 -5.9309 -9.4918 -2.1466 -7.1305 1.9422 -4.9632 0.1897 1.395 -9.8295 8.3114 4.4772 0.2417 -6.4331 8.561 -2.9441 7.0235 5.161 9.6833 5.8247 -5.3873 -7.5501 8.1286 -7.8615 6.1042 9.2945 5.7993 -2.2132 2.7103
-9.8432 9.2404 2.0607 5.1564 8.6535 1.2671 8.5513 3.0868 -5.6976 -3.261 -0.9881 6.3425 -6.7004 -8.6463 -5.2213 4.7257 5.0649 -5.025 2.9777 -2.4082 -0.2229 9.9767 -2.2816 5.1655 5.8208 0.8711 7.2214 -5.7943 4.4542 9.8777 8.1411 5.8893 5.7347 3.4256 9.2283 9.2243 8.3061 -7.3129 -2.9554 -1.8087 -0.7773 -2.6926 -4.0561 -6.5433 -2.1622 -8.0439 -0.4799 6.9075 9.0479 4.9527 -9.3832 -0.5019 2.9492 -5.5462 -9.3929 0.4599 3.1166 -1.3159 7.1552 -0.7108 -0.2462 4.3927 2.9035 -7.3197 4.0778 6.5901 -8.0231 -6.9269 7.6517 -1.7983 2.0006 -8.4728 -1.4435 1.393 6.1584 -1.9452 -8.9692 5.1028 -6.2891 -9.7104 -9.372 -7.4569 -8.3381 9.708 -6.3259 8.4359 8.9544 7.3151 9.1202 -2.7888 -0.8713 3.676 9.3129 -0.1905 0.113 8.3094 4.6785 -7.1132 3.2556 -7.9345
7.7151 7.0959 -3.297 0.3552 4.8249 0.3685 -8.7953 2.6426 2.9402 -2.2078 1.4629 2.9795 6.2912 6.2444 6.0736 -8.0507 -4.6848 5.6902 2.5224 8.5182 2.2498 1.8008 -2.6683 9.3127 6.1061 3.2463 5.9333 -7.2697 -4.0824 -0.2205 5.8587 4.4079 -4.0114 8.1188 7.008 -2.5002 -2.9994 -8.893 7.3559 -3.177 -6.1288 9.0941 4.5965 2.8836 2.747 -4.0046 5.3919 -0.2738 -2.7997 -7.3354 5.6317 9.342 -4.1144 -1.2219 -1.1458 -5.4071 -2.4765 6.2846 5.0983 5.1358 0.3377 -5.8686 4.3677 0.2614 0.5164 -9.6703 -4.7792 6.3988 9.4189 8.2762 5.6916 -3.8518 -5.0334 3.5935 0.4611 9.0457 2.1443 -1.5204 7.3878 7.7424 -8.1595 3.4613 -0.3572 9.8559 -0.15 -5.2607 -3.3279 -7.8401 -1.1246 6.7249 9.9412 -1.8598 1.855 8.5449 5.7799 7.4629 6.9026 -3.947 2.2126 7.1784
3.3016 8.3829 4.8157 -2.0258 -5.4037 -8.5323 -3.6839 9.9852 -2.3076 -6.4986 7.2433 3.3311 -6.2621 -7.8951 0.9603 2.2125 -0.4417 2.4777 -5.2309 -4.2257 5.0965 5.4625 -9.3352 2.4405 0.7027 4.1438 -2.1078 -2.0513 6.9091 -9.4752 2.883 -9.7577 -1.3034 9.6712 -1.851 1.8383 6.7983 3.1731 -4.2993 -3.9509 6.1835 -4.5233 9.8392 3.614 1.8362 -9.6953 -2.6096 0.1342 -0.1203 -9.2182 4.5279 3.9074 -3.1262 8.0561 8.3094 -2.9101 0.1334 -9.8426 -9.5528 -7.4311 9.727 6.0791 5.9923 -5.5048 1.032 -6.2575 -9.0638 5.1984 5.6574 9.1901 -7.1603 3.2447 -9.1042 7.9104 8.9499 -9.9098 0.1177 9.847 -7.3361 1.053 2.3644 4.2121 -5.8727 2.6421 8.4145 9.2494 -7.3227 -9.7547 8.2408 8.3313 -8.4406 -1.8192 5.2055 -1.2071 6.1175 -7.9329 -0.7398 4.8044 4.2621 4.4567
0.088 -9.9243 -1.5816 -3.3711 -3.4243 -8.4083 9.8422 3.76 4.3855 0.3381 4.7112 3.4255 4.1498 0.7425 -4.0307 7.2263 9.3632 3.3937 -2.8234 9.5216 9.1249 -0.4531 3.1596 1.4711 8.4969 -6.3824 8.7324 -3.4077 4.5179 -5.8217 3.4915 3.5586 1.4233 -2.4284 1.4936 -4.0365 1.5612 -2.4453 1.3573 5.8991 -4.245 -9.4992 1.8742 6.5585 6.4783 8.4691 -2.2472 -7.4304 5.7502 -8.1058 -9.8012 -2.717 -0.6266 6.5816 -3.0576 8.1343 6.9267 -4.9879 -2.8714 4.2497 -7.0193 7.8892 -3.0149 -3.4191 0.8641 -6.2224 -9.7569 0.4772 7.3098 8.6211 3.3648 2.1356 -4.4178 -7.7848 -3.1765 6.6882 -6.2111 -8.463 -4.8369 4.812 -8.2325 5.0476 4.3711 -9.4574 -4.0444 8.1418 4.6107 -9.4077 -6.9032 2.6153 -2.5554 -2.424 -2.1158 2.7963 4.7934 -7.5697 -2.5731 0.3204 7.6985 3.7682
5.5797 0.0645 -5.8048 0.7969 8.248 -6.4385 -4.0133 5.2811 9.3361 2.6421 4.1327 5.2681 -0.5361 -8.2209 -9.6038 -6.4506 7.0073 0.4187 5.7064 -7.2023 0.1768 -9.319 -4.8403 5.527 -3.0144 -4.6093 7.2673 -1.2986 4.3797 -6.6124 1.969 -9.9902 -0.7381 1.7539 -9.7439 7.9344 -2.9976 -5.4216 -0.2479 -2.6608 6.9007 -3.8655 5.3951 6.9996 -6.4132 7.4674 -1.5984 -7.5369 -5.6083 -8.0896 7.5693 3.8571 1.6419 -5.3935 3.0365 8.0706 0.0096 -9.3483 -8.2296 9.1383 6.4313 7.3124 -8.2765 5.2701 -5.5736 -6.8935 6.0677 -5.2943 -9.2062 6.163 8.3415 -7.7944 -8.7933 -8.1839 9.6124 0.1338 8.6023 3.1567 -2.4206 2.5345 -2.952 8.6491 -5.4001 7.2911 6.5317 -2.9209 -8.9752 4.8787 -4.6045 7.9094 -5.3785 4.1272 0.2036 -1.0726 5.0469 0.4454 -3.8866 0.9439 9.7942 0.6263
-0.5424 -1.0396 1.3587 1.9194 -8.3308 -6.8533 -5.2674 -0.9831 9.6319 -1.351 -7.5386 5.5136 -5.8305 1.4241 2.0474 1.5275 0.6993 0.7424 9.3742 -6.197 -8.3749 0.3524 -8.6445 -0.9554 -4.5372 -6.7623 9.8295 -2.6447 -9.5209 6.9352 0.1647 -3.0875 8.4593 -0.0879 -2.0247 5.8438 2.0836 2.4349 3.6455 -3.3301 -6.0433 0.7063 6.8578 -5.7102 7.6218 -7.6012 -8.9996 -2.6077 4.0484 8.4136 0.3665 0.495 -4.6513 6.7015 -7.1295 -5.3827 5.6003 3.8562 -1.7918 -9.275 6.0369 6.3169 -1.2166 6.7083 -5.024 -0.757 5.3818 1.8553 -8.4189 7.3983 3.1204 -2.2011 -2.7964 6.2662 -7.7355 -9.3775 -0.0984 -6.6721 2.0737 0.4856 -6.3376 -4.4123 4.4955 -9.5985 -4.6601 -3.4979 8.0666 1.6232 1.9807 -8.8335 -0.7193 9.2563 8.8943 -9.4555 -7.1397 3.1212 8.3489 6.4547 -3.5277 -9.8737
-6.4956 7.2013 -4.3234 -2.0128 8.8154 -9.1536 4.1213 0.3165 9.4699 -7.642 -9.8058 -9.6646 9.1863 4.6299 -2.148 -7.6216 -3.405 3.8365 5.107 0.9407 -8.718 4.1175 2.5285 -7.3297 1.1103 5.5294 5.7657 -9.3047 2.326 1.2298 6.589 -7.4927 4.6276 -9.0961 -8.0428 8.4384 -8.0152 -5.8149 -6.5693 5.7923 -1.4732 4.9505 1.0057 -3.0033 3.3554 -3.3279 -3.8382 -5.83 9.7421 1.6053 5.1604 -4.394 -3.5068 -5.3056 3.3907 -8.6045 -6.7865 1.774 4.9944 0.3213 2.5695 -2.5895 -1.5102 7.7084 0.1986 3.5153 -8.906 6.9141 6.3243 2.9546 -7.0385 -1.9971 8.1474 8.5477 -0.1396 -6.9156 -9.9514 -1.5839 9.7395 9.2957 -2.4547 1.3963 -4.8673 8.0612 0.726 -3.8353 8.5308 1.5838 3.0713 -0.0001 1.309 -1.4969 3.0529 3.7333 -8.3356 -6.1788 3.3431 -9.7774 -7.6148 8.7936
-2.7925 -1.2527 9.8486 -0.551 -0.9953 1.0702 2.6759 9.7801 -2.0733 9.9402 -9.4294 -9.7154 -6.1783 -7.6715 5.5071 1.3145 7.5689 5.0562 6.3396 -1.9224 -6.4923 -9.6563 -8.9419 -6.574 -1.2602 -2.009 7.4728 5.8362 -0.622 -2.8845 -4.7878 -6.4852 -7.9806 -2.9243 8.2268 -4.1307 -2.6883 2.2388 5.054 9.2857 -6.2053 7.7425 -5.8699 2.4477 3.6262 6.175 -0.5039 4.2995 1.4256 -9.9538 5.6584 9.1338 -4.6237 5.8843 -5.2459 9.8033 0.9251 -6.7554 -6.07 -0.4085 9.6007 0.659 6.9967 -2.7192 -5.1508 7.5532 6.4812 -1.8892 3.2838 -8.1726 -8.3836 -9.5473 -2.3951 1.6391 -3.1554 5.5948 9.5341 -4.2605 -6.9915 -7.7741 2.4877 4.8281 -6.7033 4.4989 2.7843 0.8033 -0.1517 1.3473 7.25 -2.2023 4.8438 6.2747 6.1136 -3.1694 5.4175 7.5422 1.6391 0.7151 7.2219 -1.7424
0.6636 3.6799 8.8975 5.5415 -3.6658 -0.5492 -5.7188 -0.3348 1.8445 0.7931 4.3684 -9.5077 2.3154 -2.1214 -5.5237 -1.605 -8.2128 -5.1564 6.2441 4.3348 -9.4858 4.7083 3.7684 -5.4777 -5.2476 -5.6322 -9.0752 9.3409 -4.6704 2.9094 -7.1924 -9.5469 7.0643 0.9436 -1.6652 -3.1969 7.6221 -8.7857 4.5406 9.5657 2.9587 -2.6855 8.2902 4.2395 3.1556 6.4333 1.5396 8.9193 -1.6329 -6.9129 -1.1448 0.4608 -1.5925 7.9499 5.6589 9.8396 -2.1979 4.44 1.1248 8.5222 5.1161 -7.6354 -9.0511 4.5842 -4.6917 2.504 -6.4478 4.2829 -1.7597 3.9186 1.6755 -5.6872 -3.5892 6.9166 -3.273 -9.2205 -2.0644 -3.0365 6.4288 -4.0029 -9.9198 8.3241 5.8072 5.5223 -0.623 4.8573 -4.8305 -7.627 -3.5069 -2.8417 -6.8172 -1.2741 6.8427 4.7332 -8.2996 -6.0763 3.9266 -2.9583 0.8452 -4.8056
3.5132 -2.4537 -5.9497 -0.4358 -5.7939 4.9597 -4.2614 -1.4781 7.863 6.1806 5.5497 -1.4272 4.4973 -3.2711 -6.2842 -5.48 8.2064 7.6792 6.0828 5.4401 -0.1784 7.1505 -0.1442 0.018 -5.1322 -0.9034 -1.6549 -9.2176 9.4114 4.3067 1.3866 -5.3408 9.6457 1.6992 -7.1667 4.9009 6.5533 -2.5433 2.7861 4.7215 -5.82 7.7822 -7.7283 3.5163 5.0716 -6.5874 -9.6468 8.0572 7.0929 1.6226 -9.0652 5.676 -8.608 -4.3372 8.4326 3.9253 4.7307 4.865 1.651 -7.7383 -3.0261 -0.3879 -1.1843 0.9234 5.7548 -3.1864 5.0932 6.3567 -2.4112 2.8172 5.7362 7.763 -1.5681 -1.203 5.7295 7.1265 -5.5631 4.7174 -9.6896 2.9453 -4.3179 2.32 -9.9943 0.6448 2.2942 -5.8758 -0.9403 -3.7768 8.5327 -6.6266 7.5421 -1.5733 6.7638 -0.4015 3.3126 2.9749 5.3344 6.8783 8.8418 1.8573
0.389 7.0944 -1.891 8.225 8.7454 5.8818 1.7794 3.3865 7.8233 0.762 -2.4796 -0.4088 -0.6072 0.7071 5.5887 7.3236 -4.7016 -2.3999 -4.3516 -3.5002 -0.6426 0.2455 0.156 -0.1456 -9.7763 -3.5069 6.5071 8.0947 2.1496 -2.7947 6.1304 -8.5405 5.1233 -0.9123 2.2536 9.716 -7.6919 8.628 -4.3771 9.2649 6.2237 7.8305 -8.9131 0.877 -8.4756 -4.6781 -7.8494 -6.9436 -3.0736 0.4087 3.3174 -9.0877 -3.6062 3.8686 0.0857 -8.4622 -6.5596 -3.4438 6.9653 -0.9316 -3.0164 -8.5606 3.2749 -8.0337 -4.7562 4.2975 4.458 3.08 4.9347 -0.7332 -0.7418 -9.132 -1.2687 3.2808 -4.2161 -0.187 3.6627 0.1763 -1.9533 1.1131 -3.2193 8.4809 7.5259 -8.724 -3.7066 -5.745 5.7881 2.3493 -0.8647 3.1236 -5.3616 -0.1259 -4.6264 -2.4143 -6.2649 7.7858 5.5373 6.6339 -1.9538 -6.3551
3.6581 5.1968 -5.9092 -3.7147 -3.4921 -2.918 -3.9119 -9.4094 7.8495 -4.2891 7.4552 -5.2224 -1.1782 -7.6138 -0.9188 8.9215 -4.3483 -9.4236 3.4854 -4.3642 -2.6102 -6.4722 1.7462 -1.3037 6.9402 2.5784 7.1724 5.4515 -4.2403 -4.2289 -8.5631 0.4109 4.6233 -4.0359 -8.1096 9.0198 1.4172 -3.3946 -7.4084 -8.8903 -6.9709 5.4534 -4.5649 -2.8284 -6.1718 -9.5971 5.6667 -0.547 -0.9667 -2.0383 -1.337 -4.9534 -7.0465 2.5506 4.0325 1.6093 7.2897 9.6962 -0.3091 -2.3725 -0.5826 0.4851 7.1637 -7.4852 3.0493 2.7837 -3.1996 -6.4139 6.0678 -8.8772 -3.549 -0.3221 0.0717 7.1089 1.3196 6.599 7.5038 -0.9477 -2.6022 2.7886 0.6238 -1.0726 0.1073 8.5173 -9.4461 -0.035 -2.0588 5.1077 2.0773 -1.0203 -3.3085 -0.4462 -8.6542 -7.4774 0.1088 -2.823 -7.4003 7.927 6.6558 8.6033
-6.2398 -0.8762 -6.9117 2.7872 3.8838 -4.959 -3.624 4.0256 -6.7716 -2.4199 0.9418 -7.0779 -1.8185 -0.7784 -5.9915 -7.4358 6.9272 5.5263 -1.4917 6.263 -6.1425 -0.7814 -4.0114 5.2244 -1.5995 -9.8723 -2.6149 -8.668 9.866 1.9243 4.5153 -7.198 -3.0813 -0.606 -8.8383 -8.4016 3.4272 2.515 -0.6257 -0.9939 7.4005 6.4889 -5.5898 0.0936 0.9497 -3.681 4.2514 -4.1351 -5.653 9.3122 5.7636 5.9013 3.5296 0.4789 -5.5805 1.9704 -2.4601 -5.4218 -7.4743 1.4938 5.2183 -3.6954 1.4465 6.5559 6.7458 -1.8144 -0.1543 -2.4181 -5.4491 8.5452 -2.1126 -0.8232 9.2731 -2.6531 8.7944 2.1693 2.2524 -9.8951 -3.1755 -4.99 -8.1436 -2.8145 -0.9563 -2.2724 -1.5149 5.1179 -2.2642 9.3517 8.5765 7.8663 -9.5054 9.9532 -1.4113 -4.6231 6.5403 -6.663 -1.9678 2.6422 -7.4137 2.3971
-9.7791 2.5599 2.8097 -2.8059 9.4101 6.4926 1.5895 9.0075 6.3848 7.9339 -8.9636 -9.8752 -9.7614 -2.8368 -7.5381 2.7009 0.82 7.0114 2.4483 0.2422 4.9621 -7.3191 -1.2967 8.0963 -3.6048 -2.9789 8.4139 1.6486 -6.6151 -2.7374 1.7984 -9.848 5.0298 5.9521 -0.2866 -5.9726 -7.7192 5.1422 7.2676 -6.8429 1.0569 -9.9725 -8.6785 5.8319 0.1466 3.6215 3.5047 5.4195 8.2394 -3.3229 9.2443 -5.4876 -8.3465 8.5764 4.1109 -1.4459 9.5967 3.9317 9.4797 1.1838 -8.6476 4.4141 -2.94 -3.7327 -7.3266 5.6378 -4.4029 8.4421 -8.6186 8.5608 -5.2267 -9.3469 1.2299 -8.6057 3.5565 2.9119 -1.6518 3.9404 0.7311 2.6587 1.1535 -4.0054 -2.7946 5.9076 6.2399 0.8125 6.4974 2.0204 -0.8384 0.3622 -9.3287 -3.8733 5.4005 5.8284 5.4543 -9.517 9.1636 8.9525 -6.6561 -0.3018
3.5054 9.0691 -7.4817 -0.1894 -1.1573 -0.5854 -1.5951 4.7923 4.2705 -6.4193 -9.944 1.9552 -8.6715 6.8039 6.4269 3.2192 6.3961 -0.5569 5.1668 8.2755 -3.4361 -8.0024 1.9551 -9.9507 -3.2005 0.9952 -3.4434 -1.5274 -1.7843 8.703 -5.7068 8.8922 -6.1114 4.4025 -5.6061 -0.5383 -4.7116 5.0007 0.9679 1.77 0.0649 9.5186 9.4894 -0.4269 -4.8911 -4.0185 -0.5745 -0.9413 9.9182 4.6142 7.2225 -8.9901 3.3522 -3.3171 3.6519 -0.379 -6.0194 2.6189 9.4241 0.7585 8.7713 7.5151 9.0064 0.9808 2.6712 7.4098 4.809 2.0805 -1.3782 -3.4825 9.3907 -8.7081 6.9162 1.8123 -3.762 -1.2147 7.5722 -5.0866 2.4607 5.4734 -8.7246 -4.2886 3.8734 1.4272 -0.2586 -2.4148 -8.6621 -5.5903 -5.8157 -2.6834 -9.4932 6.8377 -5.9433 5.2925 -5.299 -2.3973 0.7164 -6.8322 6.7869 -3.1539
-7.149 -0.9098 -9.9349 6.7295 -0.4417 3.4377 9.1543 2.3442 -6.4604 -8.5243 0.5888 4.4815 -6.1227 4.6207 -3.6685 5.4384 -1.0986 2.7335 -1.7009 -7.846 -8.3314 -5.6549 4.2424 5.5655 -8.8797 5.606 -1.5944 6.4403 9.3448 0.165 1.9148 -3.4002 -3.0252 -1.5711 -1.8326 -0.3069 -2.9914 -5.4629 -4.8198 5.536 -8.1017 7.4328 -6.5898 0.921 5.3422 -4.1083 9.9834 5.7604 4.8297 -8.3067 -5.5289 3.132 7.5933 9.2884 -5.7616 0.6757 8.9983 5.8643 5.9546 -8.1512 -1.8546 7.4852 1.8985 7.5559 0.1284 -2.7218 -2.3038 -0.2405 -1.4673 9.3304 -0.6525 5.1681 -9.7714 1.2187 0.8534 -4.8785 -4.0302 3.2316 -2.8337 3.3734 -3.6999 3.3521 -9.2199 -7.5318 -3.9597 7.7701 3.7323 -6.6916 7.0664 -9.9785 -8.146 9.9501 3.6583 -2.9701 3.9374 -0.979 -7.0819 9.066 -4.441 -0.584
-1.4199 -5.7039 -1.2036 -4.2016 -5.2391 0.65 4.9302 -3.768 -4.9419 -1.7355 0.8175 -3.3127 -8.3683 8.9706 7.316 0.394 -4.8166 -4.6884 8.3463 -2.0475 1.3686 -2.5222 6.0923 -5.6316 2.0638 3.7603 7.0577 -3.487 5.7646 1.9343 7.0943 1.3079 8.3627 -2.403 -8.1547 4.334 -6.1966 0.8521 2.2657 3.3291 4.7617 -2.0971 -5.846 -7.351 -8.6903 9.6441 4.6461 4.9185 -9.8239 6.2569 -4.5901 6.4756 7.0376 7.3912 -8.3773 9.6031 -8.0578 0.7032 -5.3662 -3.5334 -0.9102 3.583 7.5457 0.5616 5.1913 -5.0954 -4.7625 2.1785 7.3202 -0.3928 -5.2376 5.5198 -6.4167 5.326 -9.6421 6.6728 6.2474 -6.7978 -5.3207 -8.3573 5.2058 7.1563 2.3142 8.6233 -7.8923 -6.9112 8.7743 -5.0029 -1.352 9.3231 -5.5123 0.0395 7.3577 -4.2683 -3.606 -5.7163 -7.2571 1.8184 -8.962 6.9035
-2.7246 -7.5657 -5.8735 -8.5616 -1.3983 -2.958 -6.0123 -2.454 -7.9839 -8.743 -8.6483 -8.2918 -8.2682 -1.3541 -5.6125 2.2616 3.0696 -4.4799 9.2058 -2.8143 0.9775 7.953 3.5308 -1.1597 7.0144 -1.1988 -0.7991 -7.3168 -6.9771 -9.533 -5.118 7.8206 1.1659 -8.3687 -4.6354 -3.8193 -6.5372 -9.4678 -8.5203 -4.4994 3.4508 -3.1366 8.0054 -0.827 6.4402 1.3901 -7.3649 2.5547 8.7184 2.8152 2.4263 -3.4236 -4.3485 -8.3063 8.3681 4.1035 1.4528 -5.9878 -0.6309 1.0199 7.4926 -0.8564 9.8592 8.0659 3.5449 1.7499 2.3047 4.0335 4.6513 1.3941 9.2985 -0.4184 2.5805 5.8273 -8.3172 -8.1467 3.7423 6.5412 2.7454 -1.8518 -0.6559 3.195 -4.3904 8.99 4.7873 3.2086 6.9457 -7.0797 -6.8291 -5.016 8.2007 -9.6664 1.4242 5.3755 -9.6241 -5.5084 -4.7903 -3.2961 -5.4205 1.4516
1.4541 -8.3152 3.7208 7.7508 -0.9376 9.4525 -5.5311 -6.1793 3.8888 2.112 6.1522 -5.3054 -2.3236 2.5061 6.9736 6.1877 4.5806 -3.2131 3.753 8.9427 -7.7415 -4.4891 3.4446 3.0179 6.8798 -8.5885 3.222 -4.7963 0.4002 6.9672 -8.3834 -2.7695 8.8748 -8.6189 -5.1764 -5.6519 6.6353 -2.586 1.5179 -2.0114 -2.0634 6.952 2.0506 7.4586 6.4363 -4.346 9.608 -7.4224 5.343 9.8894 5.6723 5.6196 6.7599 -0.1261 -9.1926 -9.2633 -5.9633 9.854 2.1717 5.5316 -2.6991 0.4207 8.3571 8.8486 -8.9129 5.4812 -2.7455 -8.3169 -3.1097 -6.2596 -1.8945 7.9468 -7.4153 -2.2226 4.8041 -3.5196 2.9063 1.5868 -7.563 -2.2108 -3.7581 4.1698 0.2308 -4.9467 -9.5236 -6.8585 5.599 0.2316 3.024 0.0397 6.91 2.4183 -3.67 5.6883 6.8108 5.0452 4.5476 -4.9753 8.6697 9.3598
-8.4357 9.6037 4.7537 -5.8362 8.001 1.1497 -3.8247 -3.5478 -0.5989 -1.5678 -4.6845 -0.1714 -7.2011 -3.4232 -4.7018 9.9433 6.1053 -2.7081 8.2762 -5.2643 8.1047 -2.5512 4.8063 -4.0616 -3.686 3.5896 -6.5137 9.1932 1.2019 9.4352 7.1706 -9.2013 2.339 4.9393 -4.8078 8.1582 2.2114 7.9593 6.9916 -3.6491 -4.2578 3.4125 -4.1716 3.9345 0.5441 0.7675 -9.8191 5.8434 6.1086 7.1493 -4.6967 1.0148 -0.0794 8.8006 -1.3821 6.6107 3.4873 1.3625 -8.4081 3.2067 -3.9302 -4.6267 -6.2656 7.6189 -2.6726 3.113 7.933 -0.8523 5.6432 1.3389 5.4138 7.0235 -9.6048 -8.2107 -8.12 -9.7555 -9.5154 4.4229 7.1034 -7.2953 1.7545 5.6134 -5.0115 -4.6415 -9.2525 5.8199 -6.6947 9.8904 -8.0804 -3.5218 -4.4603 5.9641 -8.6459 1.3318 1.1104 4.0793 6.4349 -3.789 0.0026 5.3316
-5.0952 -0.3519 -2.0783 -2.8221 -8.3833 -8.956 -4.1401 -7.5873 7.9772 4.3283 3.8156 -3.3391 -6.5723 0.4463 8.7515 2.2805 4.3243 6.2391 -1.9518 -2.147 9.945 9.7775 0.5953 -4.1498 4.0911 1.5494 -6.0814 4.0275 -3.0488 -8.4359 8.6282 -0.0809 0.0937 -1.6909 1.3186 0.0242 4.4239 -1.6228 -3.2275 -4.8128 9.0351 -0.2223 -5.8792 6.5591 -9.9267 2.6791 -9.2338 2.3454 0.4026 1.2356 3.6536 -1.1496 -2.4407 1.8118 4.8227 0.2255 -3.7825 -8.1701 5.8679 -5.3403 7.4189 5.2481 9.6382 3.6504 -8.0397 1.1665 3.8737 4.0803 -9.7243 9.0522 -9.2264 -8.529 5.3282 1.5333 4.679 9.6487 0.8477 3.4215 9.2266 -3.777 -3.4663 -6.9343 -9.5059 7.2083 -2.6293 0.7994 9.3485 9.5316 -7.1565 2.2776 -9.9108 -9.6541 8.7068 -2.2095 -4.6534 0.1117 -6.2878 -6.8687 7.0492 -6.2995
-2.5741 0.7793 3.2449 -3.6344 2.2732 8.6633 -7.684 -8.632 5.2456 7.0416 -4.7296 4.5682 0.9956 3.7642 8.4704 -6.7485 4.9374 -3.0421 -7.5641 -8.0709 -0.4896 -2.0962 2.5739 8.9646 0.914 2.668 4.8598 1.3728 -3.2125 -8.4083 8.7892 -0.6472 -4.3002 -1.1539 -0.7983 -3.1879 9.634 -6.839 -4.7079 -8.701 -9.7299 -9.7229 -5.5055 -6.7348 -1.8617 5.7084 -1.9204 -9.0018 -3.7273 -3.118 0.8404 -4.8113 -3.6187 -8.8018 -8.9302 7.2479 7.6509 -5.1985 4.9419 -7.4576 6.6266 -7.7132 7.0067 4.0721 9.0631 -8.9842 6.251 -6.9058 4.4338 -7.7993 9.3546 7.157 -2.9704 4.9467 6.3326 -3.3529 -6.1282 7.5373 -8.9691 -4.799 0.5398 3.1239 7.8202 -6.5848 9.6301 3.0987 0.9731 -9.4122 -4.0347 -5.0113 0.4752 -3.2125 1.0406 -4.9256 -1.107 5.896 -3.1909 0.4106 -3.8541 -8.038
