100
2.7885 -9.4998 -4.4994 -5.5358 4.7294 3.534 7.8436 -8.2612 -1.5616 -9.4041 -5.6272 0.1071 -9.4693 -6.0232 2.9977 0.8988 -5.5912 1.7853 6.1886 -9.87 6.1164 3.9628 -3.195 -6.8904 9.1443 -3.2681 -8.1451 -8.0657 6.9499 2.0745 6.1426 4.5946 0.7246 9.4623 -2.4293 1.0408 6.5881 2.3704 7.2341 1.547 4.0914 -9.0835 -5.442 -4.2122 -8.4042 -5.3442 -7.98 -4.4405 2.7137 -2.7034 -2.5964 -5.8099 -4.6604 8.7331 2.9607 2.1826 -6.5772 4.5825 -6.732 -2.4109 9.7905 2.8 1.139 3.6923 6.857 5.52 -5.419 -9.358 -3.6909 -4.6452 -5.7803 8.8582 7.5274 -3.7064 3.1088 -2.0874 8.291 -0.823 -4.7024 -5.0674 1.2274 -4.7452 1.6917 7.9565 -2.012 -5.6136 9.9508 0.1905 -8.1818 -9.0577 -7.807 2.5489 5.8416 -1.5568 -8.7294 -2.3676 9.9224 0.5823 9.4216 7.2156
-9.7704 4.4144 3.6342 0.7394 -4.6635 2.8192 -7.769 -1.3047 -0.9255 9.0763 7.5171 -4.7322 0.0117 -6.427 8.2526 7.4104 -4.0311 2.779 2.1794 -6.9432 5.2502 0.7876 5.5725 0.6071 -9.9886 -3.5169 -9.6105 8.582 7.5744 6.6333 -3.8497 -8.8415 7.5602 8.939 -8.2869 -0.2802 -8.6157 5.212 5.3167 -7.4322 -0.4944 0.9961 -4.6989 7.4487 -1.5372 -5.764 0.7859 4.5986 -5.977 -3.7657 9.903 2.9976 -1.238 0.3515 -7.5799 -5.5061 -3.2383 1.7662 -5.3977 -5.5957 -8.5801 2.6221 -5.4212 8.1084 7.1927 -8.5829 -5.2399 3.3796 -5.7153 -7.3538 8.7103 1.4209 -0.5466 5.6924 6.1499 -6.1918 -8.0614 -1.379 -1.5284 -0.6595 4.5815 3.4673 9.6833 -8.0316 -1.9476 -3.2139 7.2335 -5.0269 -6.1958 -1.0277 -1.5624 -4.4291 -5.0039 8.4653 -1.1374 7.227 1.0065 -8.9882 9.9856 6.7206
9.3799 8.5273 6.9739 -6.6738 -0.2872 -5.7251 -1.9792 -8.8273 -2.4205 9.7062 -4.6959 5.6814 -0.8998 -1.5399 9.1464 9.9085 1.1154 4.3682 -6.9041 -4.0658 9.3742 1.5836 0.8439 4.9595 -8.8567 1.6836 0.057 7.0544 -6.8513 9.2156 -8.3978 -6.2835 1.9007 3.5043 -5.2959 -7.6023 7.8057 -5.0757 1.8904 2.3876 -1.6155 1.6734 0.4557 8.6941 -5.9148 4.3238 -5.2263 -2.0843 3.4338 -4.0001 -3.6765 5.0373 -8.5491 -0.8343 9.9691 9.9219 -8.5348 -5.7369 -4.696 8.6652 7.6173 7.5854 -2.6095 -6.8451 6.6749 4.0708 2.2336 9.7447 3.0795 -9.8435 6.3421 -4.0124 3.2678 8.7786 -7.3142 -7.6914 -7.8593 1.0645 -4.553 2.0966 4.3522 -5.9281 2.6848 -4.7203 -0.2294 8.1067 6.9221 -8.154 -1.5285 -4.4664 -9.9291 5.4224 2.7423 -4.7609 4.8246 1.0336 -1.4463 -9.8066 -8.4951 7.6621
8.0786 0.9118 6.6919 1.6502 -7.0381 -7.4511 -3.8348 7.9796 5.9224 7.2141 7.9785 -5.7985 -5.0094 -7.9441 5.6023 7.6827 -1.8725 2.4132 -6.9089 8.5976 7.2921 9.5241 6.2154 7.6283 -9.5043 4.7313 -3.3563 8.6163 6.0447 7.2813 6.215 -4.6639 5.7475 -7.8381 7.4433 7.1719 -5.5513 6.3317 -0.7939 -3.8962 5.9069 -5.4481 -9.5267 -6.1374 -3.4348 7.2871 9.3378 -4.4175 2.8296 -2.0064 9.623 0.7243 8.7847 -7.6932 9.408 -6.4286 9.2507 -4.6907 -7.8319 -1.3087 4.5709 -3.7265 2.1242 0.2285 -2.2961 1.5318 -4.9055 4.1757 -9.9662 8.5115 0.769 4.3886 4.839 3.4126 -2.7156 -8.6005 3.2848 -3.396 -3.7217 6.9603 4.3951 -3.9936 -3.8143 -1.8321 -1.952 -4.0869 -7.4542 -1.5911 8.8073 3.5464 8.0561 2.3103 -3.981 0.9587 -9.9919 -4.2617 -1.4022 1.5997 3.0941 -0.7002
-1.1568 -5.726 -0.5363 8.0236 5.9205 -6.6062 -8.3041 0.309 2.6588 -3.2962 6.3685 5.0228 3.4559 -5.5072 -6.0174 -9.5115 -5.1031 -0.4973 6.9948 -8.5434 -1.7112 2.5953 -6.1113 3.9271 -0.1125 -5.1203 3.1212 -9.8891 5.0193 5.4009 -7.8683 -1.4971 -6.4823 9.1593 0.3592 -8.9956 -5.016 6.9667 -0.8708 6.0283 3.3516 9.7578 1.909 9.0008 7.8285 2.253 4.3855 0.0956 6.6114 0.9574 7.9442 4.8731 -0.5065 -4.8162 -5.0552 2.7532 5.3163 0.426 2.535 -4.5081 -8.4503 -4.2854 -4.5657 -3.6058 0.803 -7.2325 -5.3748 3.879 4.1284 -8.7154 -1.848 0.8522 -1.6845 -5.8633 -1.5971 8.0968 1.6816 3.9105 7.1346 5.3119 -2.3924 -9.8821 -2.9648 5.0695 7.069 9.0686 -1.6196 4.9503 0.9226 2.0651 -5.5892 -5.6116 -1.2833 -9.4195 -3.2774 3.5828 -1.9137 -6.6991 -0.6522 -7.4474
2.4451 -9.4607 -2.1196 1.2878 -9.458 2.855 -7.286 -0.766 -8.9943 -2.4179 -5.7668 -3.4631 5.2246 -2.4175 5.0402 6.6385 -4.9546 -8.3619 -9.6123 0.7884 9.9982 -3.0008 3.0029 5.6247 3.0351 5.0847 8.9922 -6.0128 -9.5924 -6.9524 -7.4756 3.3892 1.2794 -5.6407 3.9893 5.338 -6.6442 2.1449 4.9585 -7.7093 6.386 9.2944 -7.838 -9.4864 -3.7609 3.5469 9.1635 -2.0669 4.3003 -8.4801 3.8123 2.5448 -7.962 5.4496 7.0059 2.0082 -7.5789 9.6769 5.6527 -3.0559 -1.4324 -2.5886 0.1192 -3.1754 6.9915 6.4466 -7.8892 9.2158 2.7117 6.5741 4.1462 -1.2903 4.6759 9.3095 -4.5984 6.164 0.7635 -0.33 -1.2885 4.6205 -4.6321 7.0343 6.6146 -8.2667 7.6326 -5.1227 -0.7058 2.2066 -2.4202 -9.426 7.0191 -6.3632 -5.7576 5.9566 -3.1932 7.6064 4.0237 -4.4746 -9.797 8.9613
-8.2877 4.4015 -0.2284 5.1633 3.8122 2.9181 -0.1836 5.8587 -8.1389 -5.5681 3.8357 -3.8759 1.6311 -0.5348 0.6184 -1.4899 4.9187 -3.3842 4.0571 -4.5817 -4.9719 -7.5869 -6.1483 -7.6089 0.7173 5.2438 -6.297 -5.6723 -0.316 4.4917 9.5321 0.4927 -4.34 -7.9895 -6.1176 -5.4503 -6.4112 -9.717 0.6827 -4.5138 9.4859 1.0672 3.9483 -7.4744 7.3692 -0.1824 7.4544 1.4813 -0.6121 -1.1906 -6.3127 -8.9725 8.8213 -0.4454 6.4423 -1.9859 -8.5184 2.5889 -8.9278 -7.016 1.2568 -3.9233 9.8784 -7.631 5.2889 2.1264 5.8148 -5.4863 0.4515 -0.9897 -1.1456 7.2033 9.8006 -3.8924 2.4205 2.1926 4.8018 8.9518 -5.8442 -5.7795 3.2086 -6.8589 -6.5237 -8.4987 -9.9465 -0.9899 1.8762 -4.1748 -5.3705 4.1391 4.0598 -0.9194 3.7477 8.4782 5.7566 2.5012 3.2237 8.6734 -1.4972 0.8912
2.9527 8.1682 6.5326 -8.5718 -6.6815 -3.8478 4.9792 1.3841 -4.2278 -7.5129 3.7736 3.9947 8.8535 0.0094 -0.1241 -8.3912 -9.2028 -1.3594 -3.5536 -4.9926 -8.1735 9.2382 6.7192 1.504 9.0157 9.9914 3.4456 -4.6098 -9.1954 5.1254 -0.59 3.0302 8.3215 -6.3702 1.7066 2.6957 -0.1655 -8.1752 -3.0408 -3.3338 3.4027 7.1547 -3.4039 3.8735 -4.2356 8.9039 6.2713 1.0019 -0.9035 -3.7097 -3.5345 9.4037 -1.9165 0.2919 9.7624 3.1532 0.8519 -1.735 -6.2483 -2.7644 5.1289 2.5082 5.1998 -5.9288 0.9844 8.5535 -1.2377 3.965 -7.5715 9.4629 2.1774 -5.2141 -6.8324 1.0168 1.045 -8.1358 9.8451 8.2586 -0.771 -7.6507 6.6429 -0.0325 4.3321 0.1774 -4.5315 6.6945 9.6049 -5.1254 1.0253 -2.3283 8.4374 0.1648 7.5865 7.2805 -4.4751 5.8001 -1.7012 8.685 0.1548 6.411
-4.3432 -4.0289 1.7388 9.978 -0.2072 -7.0281 0.7716 -3.0975 1.0383 0.8686 -0.8931 -3.5645 -6.227 3.95 1.436 -5.3288 5.5109 -9.1271 4.8941 4.1046 6.2282 -2.2784 3.2738 6.415 9.6164 -0.0934 -9.2596 0.0458 1.8036 7.394 7.4838 -1.1939 0.519 -0.8614 4.4489 -1.8004 3.0956 -6.9128 -0.6102 9.3841 -3.2288 3.8541 2.9967 7.0353 7.0468 7.1868 -2.3998 -3.6668 4.3743 5.188 7.4477 -9.282 -8.6316 2.6232 8.4186 9.9485 4.9353 -1.3206 -8.0311 2.675 7.4516 -1.1264 3.88 8.0685 -9.0802 5.9229 -4.1326 -2.5032 -7.0886 0.6233 1.3186 5.8504 -6.6003 -8.4206 7.4168 2.3942 -5.1834 8.2566 -7.1376 -0.777 -4.9205 -4.8935 -9.8121 6.0927 8.0242 3.5522 -6.8405 -1.1654 -3.0887 1.7514 2.7788 -1.5138 -4.998 6.9061 -6.0157 -2.3061 -0.3358 -5.2559 1.4385 1.4962
9.8538 -4.0954 9.5589 3.1646 -4.5104 1.3186 3.716 4.8934 -9.0191 2.1281 -0.0655 8.0831 -4.2761 5.9772 2.1413 -2.9536 2.7324 2.4178 3.5553 4.4186 3.1836 6.7667 2.565 8.0681 2.9268 -3.8213 -1.1835 1.5915 4.6472 -8.1973 -4.0978 4.9496 -6.4872 -7.3568 0.7882 9.4298 0.617 8.2697 6.6095 -4.8606 6.4938 -0.363 6.1298 4.9312 -3.2257 -7.6966 9.2579 -7.1849 9.33 7.2028 4.4843 9.5988 9.3454 6.0918 -2.6845 5.8136 -9.7216 0.7314 -0.9043 3.4566 3.4468 1.6912 6.4483 8.8058 -7.8331 -5.3236 -9.4995 7.6847 1.2281 8.3051 -5.5727 -8.7357 6.4771 8.1878 -3.9562 -1.8341 -7.2045 8.9252 -3.9127 -0.1475 -8.0562 7.7452 -7.2867 -0.9271 3.4097 4.8628 8.9195 -1.6175 4.8454 -6.9095 -1.7023 -8.0196 -0.2131 -1.8377 9.0304 -9.3457 -2.5894 -1.1323 9.0111 7.109
-8.0129 3.7136 0.8893 9.5569 -2.8265 -2.0372 -6.2038 -7.5568 6.9607 -0.9057 3.2554 2.8341 1.9429 -9.5729 5.7359 -5.1286 -7.4815 1.2916 -8.6278 5.3031 -5.8569 -5.681 7.3939 -3.4288 -7.0489 8.0106 -9.9433 7.1681 -7.1062 -7.4002 -4.9869 -6.5101 3.2212 -9.4844 -9.7028 5.7997 -5.2414 -3.5246 -6.5151 -8.952 4.8344 0.5217 4.9133 -0.4751 5.5603 0.2648 -7.8189 0.0768 8.9083 -9.1327 5.6645 7.3396 0.429 -0.8391 9.2805 -8.7835 -0.4204 -1.9677 3.7219 -0.1946 8.194 -8.5302 -8.3842 2.1659 -8.6864 -4.4997 2.6615 0.9671 -3.4963 9.8926 0.6111 -0.9257 2.1085 -8.0164 4.0356 7.0559 3.0183 5.3793 4.4168 -5.6995 -0.9689 -5.4301 -3.2214 -0.93 -1.6802 -8.0983 -1.4647 3.3022 -2.514 -6.9472 8.4597 -8.6573 6.6354 -8.1354 -8.0687 4.7759 6.2354 1.1274 1.7293 1.2317
-3.4071 -7.5554 -2.928 3.3068 5.0057 7.3618 4.4212 9.368 2.0082 -2.9671 1.5584 -5.7452 3.1347 -5.5151 -7.8356 6.9075 -2.6488 5.2521 1.482 6.1444 6.9031 9.4909 6.3685 2.2715 2.854 -9.4749 8.5817 6.5892 -4.651 -6.3917 4.054 -3.8203 -3.2035 -9.8779 7.3973 1.3264 -1.9843 -7.1625 2.6634 -9.3869 4.9222 -5.6973 -1.6034 -3.1821 -2.5989 4.4319 5.5367 1.3519 -8.3009 -8.9478 -6.8518 2.3568 3.4794 -4.5579 3.2388 -0.2868 -1.1591 -4.5367 5.0989 -7.7236 -1.4017 -4.3351 3.5697 -0.2673 3.3427 -9.0917 -2.0947 1.9865 -9.8463 -3.9716 -5.7753 -7.2553 -4.8896 -3.4376 -9.8454 4.9403 -6.4861 -2.3959 4.0734 0.0052 6.6671 6.124 -8.5585 7.2353 -9.154 -9.6252 8.4232 7.2422 1.5152 1.468 4.19 -1.6461 -7.6965 -9.5829 -3.5046 6.0264 2.3625 6.6405 8.3954 -8.2374
6.8897 -5.1337 1.7774 0.4793 -2.0847 -3.7945 -3.2097 -3.3386 -6.6373 0.2097 -7.7195 0.199 8.1185 -3.0125 4.5476 6.379 6.3007 -5.2746 -7.0711 -6.0546 2.048 5.2043 3.1102 -6.4571 5.457 -0.1177 5.0889 5.1975 -1.0219 8.4831 1.2898 2.706 2.4904 7.2849 2.5443 -6.9809 -8.6343 -1.1558 -3.9436 -4.5065 -8.8766 0.1467 -3.7918 -0.9617 -8.8622 6.6339 -8.4654 7.285 7.1059 2.3002 0.1414 -0.7458 1.0863 5.8364 7.9175 -1.0053 6.1963 3.0367 -3.5695 -0.4874 -6.9828 -8.7625 -7.93 7.9825 -3.1312 4.2863 0.091 -6.5488 -5.0451 -1.2448 -1.2116 0.455 -6.8251 -2.543 -4.3421 -1.8246 -3.2327 1.9577 5.7845 2.9461 -8.6818 -8.1099 3.5676 -4.3171 4.4747 3.1313 8.1269 7.4656 -3.3328 1.6548 -7.1714 -3.0036 9.3539 3.9696 -2.1608 1.9008 8.76 -3.8084 -2.4664 5.8332
6.2637 3.4023 6.5792 4.7755 3.7083 0.5279 2.9205 -1.5319 -2.7634 -2.748 -6.3947 -5.7161 8.9534 -0.2746 -5.4691 -7.2487 -8.4567 6.8886 -7.9772 5.4175 6.7024 7.6736 -9.2451 -3.2647 5.3262 -7.379 -2.4656 -6.7551 6.6269 5.422 6.1809 -6.6892 -1.2465 -1.7828 3.5273 -5.2494 -1.116 -4.3014 4.9707 -1.0214 0.6802 -3.8106 6.1725 -0.6197 6.7023 -2.6432 8.9426 9.6888 -0.7664 -4.3646 -2.3626 0.5492 9.3254 6.3378 6.0252 -7.232 -4.9999 2.8236 7.4823 1.0908 -7.9482 6.9178 7.0233 -4.2987 5.2623 -4.5442 8.1061 -7.053 -1.2505 8.9283 -5.5592 -0.9774 -3.0083 -9.4666 -8.9349 0.0401 -5.2844 9.8905 -2.5017 -9.4362 8.6165 6.7835 2.9992 5.8276 -7.248 -4.2624 6.5952 3.9214 -7.2241 4.1107 -1.028 -9.895 -8.4155 -4.8815 6.6993 0.9761 4.5447 0.5554 -7.7763 -4.238
-3.977 -9.045 -1.6035 5.878 -0.8577 -7.7828 8.1029 1.9348 -9.6713 0.3075 -5.1612 -7.1285 -1.4152 2.2962 -5.1887 -1.6686 3.2874 -8.2877 9.4931 -8.6464 0.5212 0.1466 9.7666 1.083 -2.1909 -0.5973 2.7134 9.6208 -4.927 -9.6752 5.7704 -3.104 4.6588 2.5651 5.43 4.7037 -3.3496 -9.1133 0.9203 6.2702 -6.4982 5.5829 -0.7075 3.9078 2.6347 6.23 -8.738 5.5238 -0.8464 -4.1311 -9.1239 -6.0106 -9.1619 8.6674 0.3077 9.7825 0.8606 -4.9337 5.0658 -6.1779 -2.8605 5.6168 7.316 -3.3615 -7.5105 -2.6396 7.7897 4.8662 7.8927 -2.2671 9.4745 -0.0759 -0.0495 8.4862 0.3855 6.023 4.5416 -8.4215 2.0491 6.4468 0.9095 -3.5758 -8.3986 3.2184 -3.8701 2.0524 -1.4777 3.7953 -2.9691 -9.1529 7.4007 -2.9488 9.963 -4.5089 9.6005 8.9581 -8.4992 2.7503 -2.7338 6.0219
3.5882 9.0558 -7.1444 2.1515 5.6262 -9.304 -8.6553 5.5703 -2.6734 -2.3429 1.3449 2.1019 3.5812 8.9765 -2.5597 5.2617 1.4784 0.5892 -2.0393 2.9912 -5.0078 -7.731 4.7135 -0.0191 -2.2603 1.2335 -4.7645 -4.7942 -1.0745 9.9273 -4.2885 8.3296 -0.176 -7.5473 7.0565 -0.9591 7.9736 -1.0978 -8.2442 3.6386 6.9104 -3.6082 -3.0515 -8.7012 0.8434 7.8266 7.0272 4.2362 8.5465 2.754 5.8739 0.1751 -7.5728 -5.9804 -7.2225 5.8075 -9.4743 1.0804 -2.6218 6.0732 1.0329 2.239 -8.2757 -3.8142 9.9919 4.3774 0.5139 5.3833 6.4668 -8.525 9.4476 2.8468 -1.0005 3.6022 -3.1097 7.5592 5.6053 2.7959 -6.3607 9.3253 -1.3476 8.2142 -8.8917 -7.5168 -6.9397 -6.7069 -3.5468 4.1866 -3.0795 8.8181 7.8985 6.9187 -4.9879 2.7011 1.0168 -7.4966 -3.9435 0.6696 0.0515 -6.6273
8.8321 -6.9161 3.1747 4.4127 2.1028 6.8506 1.2724 6.5047 -9.4325 -9.0908 2.8291 1.5354 3.0226 5.3392 -1.6683 2.7798 -0.0392 2.5433 -4.2066 9.133 -0.3411 6.0938 3.6998 -4.0513 -8.5405 -8.8017 -1.2079 -0.315 -5.9195 2.1332 -3.7484 4.3673 4.684 7.2155 9.5075 -7.3847 -2.5892 1.233 -3.6177 -0.6705 -4.6506 -5.0416 -8.0638 -4.1958 -2.317 2.3075 -5.0346 7.3062 -6.806 -3.4513 1.5537 -3.7457 5.2624 -0.0347 0.2945 -0.0248 -3.8292 -9.5365 8.9047 0.1089 9.3337 -5.6971 -2.9421 -8.9892 -0.1021 7.6468 3.0852 -0.5883 0.7338 6.9434 -1.3814 7.6491 4.5502 5.2771 -2.6813 -1.9884 1.4056 -6.1069 1.0645 -8.5294 0.0851 5.2881 -4.4056 9.7818 3.608 -7.6238 9.5017 -2.1219 5.8979 -3.2183 8.779 5.0993 -6.0188 0.1825 0.0016 -9.0939 -7.2593 -3.3392 -0.5251 -0.8602
2.1252 0.3101 -3.4407 2.2614 -6.75 9.8123 4.7864 -4.0153 -3.2725 6.5658 0.6468 4.1748 -4.0042 6.315 -2.6328 3.4761 9.598 1.674 5.9351 4.5065 3.7609 -9.4671 -0.5082 9.3414 5.6581 5.5232 1.5527 4.428 1.6705 -6.5898 2.5805 2.3947 6.8233 -7.0445 3.6145 -9.3686 8.9641 -7.8021 -9.6213 -3.7262 -6.9714 3.81 -1.7925 5.4994 8.4104 7.4564 4.7167 -8.7544 -7.2384 -5.8532 -3.499 3.2445 0.5095 -3.7249 -6.5364 8.2425 -3.1535 -2.9143 5.4398 4.4185 2.8662 3.8663 2.2015 -6.1547 -5.0696 1.1617 -5.5027 9.4582 -4.0477 -4.2199 -5.8544 4.0998 -3.6592 -3.0239 8.674 5.9081 -4.5308 -7.5625 3.5324 -2.4061 9.6032 6.3675 9.0922 6.0923 -4.1909 -4.2474 4.2828 -3.0727 -1.1525 -4.8711 -0.4184 -5.9586 0.7716 8.6605 3.9234 -7.2545 2.3135 1.7366 -5.1508 3.3967
0.6208 2.7589 -8.9502 -1.734 4.3472 -7.9891 5.4153 -9.8964 1.0071 8.582 -1.8619 8.7006 7.568 -0.451 -6.0109 9.2783 -3.5766 2.918 8.1587 -8.2108 1.4827 0.703 4.4624 8.7334 8.2646 -6.4987 7.6449 -6.4842 8.3927 9.9434 -2.0601 -0.0923 8.7322 9.2426 8.5208 7.5349 -9.8147 1.3592 -7.854 9.6599 -4.3088 9.782 0.866 -0.1218 8.7712 7.0212 -0.6396 -6.1438 -7.7471 -6.7501 -0.8217 -4.8547 -6.276 4.7324 5.8154 1.3556 5.1457 -6.4901 7.1229 7.9409 6.5398 0.3056 -8.2652 3.3851 -6.3044 -7.1878 -3.528 -5.0391 -4.7843 -5.2896 5.0751 9.0807 -3.9611 4.4577 -9.7713 3.0737 3.8554 -8.7575 -7.6355 -3.8639 -1.8917 0.0504 7.9024 4.0711 -3.7804 -7.6517 8.3226 -4.0992 2.2925 -5.6174 -7.3286 -6.9363 4.9547 2.1148 -1.6831 0.9847 -0.5834 0.7504 3.2819 -5.6318
-5.0507 5.0948 7.4627 -8.3626 -1.065 4.0753 -8.4379 1.2834 -8.7648 0.953 0.1097 1.454 -7.003 -3.4376 0.4068 -7.6752 -5.892 1.663 -8.1812 0.2075 6.1738 -0.9314 0.265 -0.864 -8.8453 -0.7524 6.1383 4.4656 -2.081 6.3291 4.9161 1.5662 -9.0942 -3.1094 -8.7248 9.8825 8.6917 -8.6196 8.6755 -9.3653 -1.8227 5.3794 5.3166 9.5667 2.9176 -1.5928 9.8571 -2.3504 7.3924 8.1353 -2.4871 3.6546 3.2359 0.786 3.0707 -3.0446 -6.4305 0.7452 0.5769 4.5572 -5.5462 -9.9305 -9.5453 -4.0327 3.47 0.8889 0.6387 6.4672 -5.0498 -3.0768 -4.487 8.7482 4.5005 -7.7431 6.1896 -1.6152 5.3211 7.6751 -9.6871 -5.8784 -7.9821 -9.3285 1.9557 4.0657 -9.0265 4.8108 -1.9547 -5.3132 -5.6546 7.2746 -8.8711 0.0779 -4.2147 6.3157 4.6303 -3.6219 1.9584 3.4506 -3.5867 -3.9647
-7.1348 3.2042 -5.5791 -3.99 -8.7808 8.9704 7.5943 8.2316 2.5199 -1.456 -0.0876 9.4458 8.8317 3.4269 5.7161 -3.6253 -1.6735 -7.0156 -2.4708 5.0883 -0.5296 6.9868 -3.9853 4.1515 6.1155 8.2948 1.2477 9.3557 1.1457 -7.3181 -5.1428 -5.9333 2.9341 8.4445 6.9427 -8.1507 4.4917 -6.1904 -4.6308 3.4734 2.0584 7.4724 -6.2367 5.2339 4.4861 1.177 -0.4121 7.3895 -3.3407 9.1404 -9.6933 8.7432 9.2416 -7.6537 9.9914 -0.4216 -5.1481 2.088 -5.9097 8.3025 1.0416 5.5103 -2.3868 0.673 -2.8148 -4.7688 0.2563 -0.0545 -8.0278 9.6264 -0.6102 6.7946 8.2866 -2.5859 -1.7214 1.2505 -5.5745 -7.0815 -4.7845 8.6952 1.5829 -1.6484 -6.9518 -3.4027 -2.4032 6.6673 -0.014 3.0922 3.6969 -4.8535 6.4318 9.3302 2.8339 -0.1881 -6.6353 5.8995 -6.6147 4.4063 -0.2337 8.338
0.8427 2.8362 -8.8254 -9.3235 6.9339 8.9038 3.3643 5.2868 -1.7522 6.8509 -5.3713 4.1434 -9.8172 0.1147 -2.536 2.3567 3.3351 2.3304 -0.3359 -0.2429 -9.8678 1.0329 -9.763 0.5884 -4.5052 9.5496 -9.6571 6.2631 3.4807 6.1234 8.1955 -7.8597 -8.0737 -7.0221 -6.1614 0.5291 6.3043 -4.6535 -2.0621 -2.539 -1.8795 1.3 9.8047 -5.4829 3.6808 6.9573 3.0747 7.1644 5.1917 -8.13 -2.4147 1.054 -8.8777 -9.811 -6.5723 -0.0028 -1.3218 5.6875 1.3171 7.1592 -8.0928 0.5632 -9.149 -5.7717 7.3623 7.7511 -0.49 -9.0688 -8.513 8.5117 7.9862 1.2702 -9.342 8.5753 -3.7103 9.2294 1.7407 5.0451 4.2542 -2.0341 -8.4613 -6.751 -5.1906 6.693 -2.2169 7.9305 -3.3654 5.1122 -7.201 9.7696 4.4833 0.0159 9.4865 -8.9261 -1.2582 6.7735 -3.1881 5.3801 9.0972 -2.0659
5.4711 -9.4075 -4.5335 9.8517 -0.1879 -2.8838 8.8229 -1.363 3.5939 3.2134 -8.2861 2.3723 5.9611 4.2622 -8.3592 -6.9156 4.2335 2.678 4.7931 -3.6664 -7.869 -9.8961 -3.8347 -2.8017 -4.6047 -7.3499 -6.2522 -1.0231 1.0948 -1.8391 -9.4748 -2.9217 -8.1387 1.9609 -3.5114 -2.2952 -4.1631 -2.244 -8.306 8.0227 8.1042 9.5635 1.4392 -6.6083 -2.3854 -7.2232 -3.9774 -0.1375 -8.7347 -1.3065 -1.578 -0.3154 -8.4616 -4.966 -5.0682 2.5007 1.8761 -6.089 -7.8606 -3.9068 8.9765 -3.3557 2.4038 6.0815 -3.4092 -3.3053 6.3095 7.1902 9.4845 -7.2775 -3.5867 8.9456 -5.983 -3.7163 9.2915 9.3745 -4.171 3.8992 -0.1799 1.5176 -5.1515 -2.4789 6.3299 -2.1413 -7.7222 1.277 1.8445 0.9126 3.6343 1.002 9.0601 -0.7676 4.1673 -1.2309 -4.1734 3.8567 6.3793 5.9131 -1.8172 -0.0139
2.6667 -5.1596 3.1733 4.3047 5.7815 -8.5207 9.814 -0.4153 -1.9839 0.1323 8.4078 3.8342 0.8729 5.8144 -2.8094 7.91 0.7381 2.7636 -8.3004 5.3791 3.152 -2.8998 2.94 -9.1141 9.6722 3.5494 -2.0076 5.0537 9.3143 -1.3909 -9.789 -4.8252 0.2135 0.376 1.6104 1.5047 -1.0844 -2.1773 5.4468 1.7718 0.0093 -3.1007 -9.5087 -7.909 -1.6805 9.2346 -7.6786 8.8135 -7.1665 -3.7622 -0.8933 -5.8627 -0.3415 -0.4767 -1.2367 3.9353 -3.6218 -3.9947 6.2037 -7.6983 6.9836 2.9594 3.5428 -6.7129 9.678 -5.1217 -6.5109 -6.7973 1.197 9.1693 -5.3629 -1.8991 -6.311 2.8096 -1.3573 -9.4162 2.2821 -6.0535 1.8441 -2.2233 4.0947 -5.8843 5.0465 6.1746 -8.7487 -7.965 7.4396 -6.2608 -3.4803 -0.849 -4.7529 7.2527 0.5543 2.7822 1.9394 2.2262 1.7401 -3.0415 6.9104 2.3473
6.2748 4.1198 -4.0511 2.2897 -8.305 -7.321 -7.6428 -3.8924 -6.3391 3.8687 0.2165 -1.6352 -7.2427 -2.3258 -6.2849 2.71 3.8687 2.9052 9.998 1.0983 -0.2072 -7.1941 -3.7084 -0.98 -8.9278 -2.8192 -9.8083 -7.2693 6.3043 9.2766 0.1088 -0.1006 3.6939 -1.6874 6.7978 -0.226 -8.3466 -9.3828 5.2211 -4.1582 -4.5029 0.7522 -6.6358 -0.8536 4.8504 5.3184 0.9945 -7.7358 -7.7159 5.5023 6.4657 -2.6628 6.4522 -9.1678 4.3796 0.9271 9.7955 -7.9517 6.6014 5.0269 -4.0458 9.9863 -1.0054 -3.0285 6.3346 -1.2186 9.8792 5.5126 -5.2611 6.2141 1.7585 -2.9874 4.2151 2.6554 -6.6804 -7.2153 -5.8676 -5.8611 -8.8128 -2.9837 -4.3783 0.7754 -3.5269 4.0811 -4.2133 -4.6531 7.1603 9.7098 3.586 -8.0955 9.2554 5.7138 8.3754 9.8497 7.341 -7.4622 7.3216 -5.0065 4.2279 6.5696
5.2295 3.5247 -0.2108 1.5485 -4.6257 -1.7155 -0.9602 2.6726 7.6025 -8.1381 0.3123 -4.4355 8.7267 -2.6186 9.0051 -3.4542 -9.9505 5.4827 4.6545 4.6186 -0.831 3.2829 -2.8355 -8.7334 0.6885 -5.6434 -1.4071 -5.763 -4.6293 6.5669 -3.2449 1.5587 1.3228 -0.2932 -3.1252 3.651 -9.0318 -8.0085 5.6778 -0.8084 -7.5153 7.153 -1.1743 -9.9865 9.1606 -5.9536 3.7718 -7.3617 2.9999 -6.8205 8.6545 -4.5196 3.0918 -4.9922 -2.5631 8.076 -6.6895 -2.0732 -3.8898 3.9888 -5.3171 3.1097 4.074 -9.9783 -0.4639 -7.346 -5.4762 3.5997 -9.8143 3.9119 6.3422 9.7631 -1.5537 -7.3565 -8.5834 -2.3386 4.6153 -7.9515 -3.733 7.6198 -7.2574 5.4692 5.0632 -7.3371 9.8588 -7.1429 0.6102 -9.8305 3.0004 -1.198 4.4486 2.5616 -6.9725 -1.7658 3.7313 7.1993 -8.2662 -7.9907 5.0489 1.7915
-2.3194 9.265 -3.7099 -7.2034 -4.4606 -8.315 1.0679 2.0002 2.1519 5.5794 3.8095 6.9578 3.1681 -3.967 0.355 0.1905 4.9569 -4.0892 -8.9086 7.9583 9.0934 -0.1022 -7.7451 -0.0083 1.8786 0.5657 9.5539 9.7377 8.6785 -7.3603 7.2163 1.3676 -2.6918 3.6588 5.2545 9.0891 5.4073 -9.6662 -8.6493 -4.7563 -9.2035 -8.7906 5.7858 0.1322 2.5714 0.021 -1.6914 4.0362 -8.3514 0.7313 2.3209 -4.4506 -3.8019 0.2261 -5.9361 6.1612 0.7278 -2.1854 2.6859 6.6905 3.6211 -8.6777 3.9735 4.5992 6.9294 -8.8419 -8.2757 -1.3103 -0.9326 2.1766 -3.8142 4.8339 4.8132 -7.6111 4.158 4.03 -6.7233 9.0603 0.4601 5.6597 4.4153 -6.6607 -7.4614 5.6225 -4.6247 7.7283 5.4286 -9.4129 6.1422 -4.5604 -8.7226 4.2465 1.533 -8.4586 -0.896 -2.7975 -0.0078 1.3377 -2.6462 -4.8977
-7.9419 1.4782 4.4556 -5.4319 0.1765 -9.1192 7.2586 -5.109 -0.5647 -2.3404 -6.9983 8.6232 7.1497 1.0573 8.279 4.8133 -1.6126 -3.564 -1.6749 4.4058 -4.5748 -8.4423 -2.5438 0.0408 8.0388 -6.4131 6.0868 9.6283 9.0816 -8.6215 -0.6981 -4.3539 6.8969 -3.454 1.0618 -9.8406 -5.9866 1.2761 -3.9218 2.4544 -0.7215 1.8338 -0.1328 5.4523 -6.0916 8.0089 5.2096 -5.0975 -9.8724 -1.7993 -5.34 -3.0715 6.7915 7.544 9.0198 -9.9708 3.1461 6.9801 4.5443 -7.921 0.5963 -5.2366 -0.1594 -8.8021 9.9392 4.233 -8.1395 8.4255 7.9457 0.3952 4.0169 -2.5502 9.4911 -8.302 -8.0885 -7.3297 6.3993 -8.5034 1.3564 -1.3003 9.2844 -5.2646 -4.7802 -3.6998 6.0163 4.0145 4.7071 -3.6388 -4.5609 -8.5063 -5.9457 5.5987 1.6942 -6.8918 -6.7125 -0.6789 -1.8697 0.7185 9.2927 -5.8473
-3.8338 -4.6998 -7.6017 -6.8477 3.7211 6.5277 3.9376 -9.1934 6.7185 -3.4441 -8.1757 -5.0356 -2.8851 0.2692 3.5437 -4.7967 9.8135 -9.3784 -1.9122 -0.956 4.9616 -5.0029 -0.7591 6.0779 -7.2041 -9.7609 6.6074 9.6513 -7.3857 6.4735 -2.5552 2.606 2.8937 1.6465 -4.8236 6.2549 -9.564 -8.7106 8.0499 -1.1314 -7.4242 8.1016 6.5871 -3.369 -9.1461 -0.7801 -6.6402 1.4777 6.4337 -2.1 -9.4104 3.6643 -6.5439 -5.7057 -6.257 -4.4029 7.6685 -9.307 2.3835 -5.0843 -4.0979 -1.7602 1.0138 -8.7804 -4.4045 -7.2553 -6.0108 7.6931 0.5163 2.6151 6.0434 5.8969 9.7881 5.6383 -2.8178 0.8904 -0.3064 8.2535 0.0479 -2.2324 -6.4037 -3.6224 -5.6196 7.9153 5.5708 -8.8282 9.8306 0.5886 5.3368 9.9921 9.4796 -7.9973 3.1373 -4.6695 6.3257 8.3452 -8.8818 9.9278 -5.6118 6.9301
5.9478 -2.9039 6.7844 6.9044 -6.478 1.8504 6.1242 3.9525 8.2796 -9.4359 4.0112 8.9512 1.2721 1.2622 -6.2353 9.7601 7.6325 -0.1555 -3.8189 -0.1913 -8.1949 -5.3475 -5.6238 0.529 -9.9863 8.3579 -5.9707 -7.3902 4.3388 8.3756 6.8857 -3.5282 -9.5617 1.7322 8.3445 5.4873 6.9296 7.2134 9.2112 -2.5282 8.8385 -2.0881 -7.9794 -3.9647 -7.271 -6.8499 8.9739 5.8369 9.2132 2.9836 -6.5159 9.3749 3.8712 8.5769 5.7398 -5.5353 1.779 -6.493 -3.8635 3.77 -7.453 4.5766 8.9758 8.974 -2.168 9.8857 9.3037 -9.3523 2.0478 8.4208 9.3506 -5.5821 1.311 8.7338 -7.1871 4.9069 -5.2401 9.6476 -6.6423 7.7064 -8.2255 4.1793 2.7821 7.7331 -1.0674 -4.6958 -5.0092 -8.6441 -4.8668 -7.8393 -9.9744 -2.2813 4.6517 9.382 7.691 -0.1384 -2.4257 0.9205 -7.9714 -0.4102
7.281 3.0194 3.7432 -6.7469 -8.5258 6.9152 -4.1018 -3.6257 9.0332 -8.516 -6.5979 -2.4908 4.6397 0.9409 7.9625 -8.1379 1.8806 2.2729 -0.3453 -9.3801 8.8488 -6.7001 7.7951 -6.8579 -7.9748 -5.889 -6.2003 3.9439 4.4408 4.5995 -4.6947 -4.3695 -5.249 -9.0073 1.4354 6.7971 -6.9282 -2.7834 -1.4479 -4.109 3.2404 2.0043 -6.0065 -9.4853 -6.5834 -4.1638 -8.3613 6.8754 -3.8329 -2.0507 -0.2181 3.2208 -8.1773 0.8825 -6.3024 7.7099 -2.612 -1.0845 -4.7341 -0.6988 -5.4752 -4.6288 -8.7672 5.0447 3.3494 -8.2859 -3.1242 0.829 9.4141 1.7945 1.072 6.8159 6.3681 -1.6274 0.7103 7.3379 -0.5035 7.6331 -0.4748 -8.4209 8.0555 4.2861 0.042 8.0091 6.009 3.5507 2.4055 -7.5944 5.1438 -6.5424 9.6874 9.4433 6.1692 -7.4763 -1.5325 9.7656 -1.2921 9.9454 2.5445 6.6822
-4.8423 8.2161 8.2835 -8.6598 -2.238 -2.0529 -3.4775 -4.476 -0.8369 7.4693 5.731 2.4612 0.4512 -1.6081 -1.7112 -7.036 1.7587 5.1675 8.793 8.4986 1.2537 -7.9802 -4.2781 0.7127 -3.1226 -1.7822 -2.3391 -0.2883 2.1792 -9.2507 -4.4917 -7.1229 2.1731 3.8732 -9.2243 7.7915 -3.3701 -5.2484 4.915 8.4167 7.9406 -9.5953 6.3477 -3.9389 -4.3931 -0.1676 3.9237 -8.0357 7.378 -7.3123 9.4844 -1.1378 6.5165 -4.6116 -1.6645 2.9111 -6.2413 -5.7722 6.4794 4.8189 5.1899 7.3438 6.4203 0.3054 -6.8206 -3.7775 0.1359 -7.287 7.0259 7.5867 -9.421 -6.1447 6.6586 6.7395 -5.0102 -0.871 8.3606 4.0927 -4.5205 6.4701 0.1025 2.7082 -7.5225 -9.3887 -2.5507 1.8809 -6.4483 7.4096 1.7376 -3.0048 -6.7297 7.8898 4.9792 3.777 -4.2986 -2.2687 -6.7419 1.4452 9.2984 7.1422
2.9476 3.5539 -4.6183 -1.8099 -9.599 5.6061 5.3515 -9.822 8.2303 2.9474 2.0228 -9.8307 -4.9522 6.1017 -3.8908 9.3405 2.8548 -1.5239 -2.4705 -3.0258 -4.96 -0.666 3.5439 6.4862 -2.0569 -7.9538 0.2303 3.2471 6.8657 -2.5154 2.9468 2.181 -4.0305 -7.8379 -8.7233 9.7672 2.8119 7.2298 -4.7771 4.2219 7.8475 -4.0242 -7.0014 5.3095 7.9937 6.1086 6.0473 2.0007 3.2106 3.6151 4.4257 3.108 9.9494 -4.8115 -1.6287 -2.2345 -9.2936 4.1614 1.4408 -6.2017 4.531 -5.5527 0.6927 5.6979 8.1305 3.4374 0.1463 6.9084 6.8128 7.5299 -6.3773 -8.0479 -7.4411 -4.827 6.1669 5.2584 -6.3386 3.5942 -3.2874 -8.214 -2.8943 4.8842 -3.8583 5.7618 -3.3737 -4.7888 -4.119 7.0243 -0.5893 7.3279 1.6715 8.886 -8.5757 7.7885 0.0095 7.35 -2.3666 -4.0329 -8.9188 7.0848
-7.2527 -5.9941 -1.8162 1.3881 8.1324 -0.8486 -3.6723 4.3134 5.5788 -0.2484 2.6207 -6.4635 2.69 -9.9057 -4.5294 5.2239 -6.6279 5.2897 -0.2085 5.2714 -8.2392 2.2896 2.6698 -1.9321 9.3066 -2.3337 -9.2455 -6.0117 -2.538 -9.7185 -3.5557 6.6646 -6.1885 3.535 2.5337 -5.0235 3.8705 -3.113 -7.4214 -2.329 1.7734 -6.6596 6.4769 -4.036 -4.1834 4.5566 1.9274 -3.2433 7.7595 9.9094 -3.1453 8.0277 -2.815 -6.2315 8.9617 8.3641 -1.9322 -5.4316 4.5434 -7.3759 4.6815 1.7939 -6.6203 -2.6682 3.0108 -9.2527 7.5309 -4.8842 0.6947 -9.0283 9.8936 3.2394 3.0714 -9.6052 3.795 -1.6645 -2.3949 0.9456 -0.5121 -6.9375 3.9038 2.6062 -3.9777 3.2333 3.2497 -4.6005 2.1127 -7.2567 6.6131 -7.9017 4.3753 -7.6453 -7.7197 -7.8747 -6.0271 -6.005 -4.7401 0.4629 -5.9665 4.0687
-4.093 -9.2119 -0.0729 -5.8461 8.6625 -3.3879 -9.9452 3.4327 8.1376 6.7046 3.3804 -7.0171 -8.1983 0.2341 4.4713 -7.9742 -4.8822 -5.3768 9.7733 -4.0796 -0.7145 -8.0038 -6.506 -9.2111 -4.1887 6.0319 -3.7459 4.7708 -8.1 5.1641 -9.0822 7.04 3.2671 -6.5898 -2.8495 -1.2457 2.4361 7.5695 -8.141 6.2993 -6.3426 -1.9844 9.2462 -4.5633 -2.2857 7.0134 5.998 2.9769 5.9382 -7.7389 3.9234 -8.8271 8.8493 -6.8121 -1.6794 1.815 6.0453 3.5679 -6.3748 -2.405 -2.828 -9.4237 3.6893 6.7707 9.4689 -7.3869 8.408 -7.7413 -1.7743 -9.0806 -4.7677 -3.7152 4.0914 3.5586 5.3506 1.533 1.3002 9.5579 3.3969 -3.234 0.4621 4.0116 -8.0952 3.2343 -5.0285 -3.085 3.5259 -2.3025 6.7807 1.1669 9.7558 -8.9087 2.868 -6.8615 6.9769 7.0374 7.3883 -8.5027 -0.167 -5.1822
9.4029 -8.993 -5.5459 2.8663 -1.9345 -5.3 -0.8181 6.0252 -1.038 7.1318 -1.0586 -7.6259 -0.0525 3.0675 -7.9471 -1.7532 1.1426 -9.9966 -8.1821 2.0841 2.3813 -3.908 0.1668 -5.863 3.4295 9.0071 -2.7332 -8.9145 -5.5416 -0.9108 1.203 2.3952 -0.5373 3.1433 4.3183 -7.7195 5.1864 -5.5651 -3.1729 6.5977 9.2887 -4.1603 0.4397 4.0419 -9.0844 -6.7169 -7.191 4.3371 4.4312 -7.8608 2.217 -6.2491 8.6043 -2.1421 -0.8591 5.6284 4.3358 -7.8447 -1.7106 8.5325 6.7493 1.7762 5.4429 -0.9899 3.1691 9.1238 -7.3073 -0.0234 0.6073 -9.0286 8.7062 6.7763 -0.3414 0.1667 8.4232 -6.456 1.5711 4.6099 -7.4324 -2.2519 2.0109 7.6539 0.0822 -2.3067 9.59 8.3182 5.2475 -4.5281 9.2719 9.4098 -0.9431 -7.3326 -1.7451 4.0003 4.9685 -4.0217 4.0299 7.2142 4.2375 8.7102
2.6517 -5.9822 2.4834 -4.1884 -3.0941 3.4475 9.6267 3.0017 9.1665 0.0779 3.8862 -3.5524 -7.6919 -2.9552 -0.3926 1.4128 3.3431 -1.6504 4.9574 6.8278 -4.2814 6.946 6.1661 0.4546 -9.4946 -7.0935 3.4051 -6.002 5.0037 -6.7813 -4.2677 -4.9888 6.7876 3.8119 -4.0972 5.0719 -9.3539 6.2805 -7.9504 7.3607 4.7898 7.2968 4.8483 1.2254 -5.2481 5.6861 5.9764 -4.2472 3.2899 8.5297 -2.2489 9.134 9.5165 -3.7469 1.0425 -9.7407 -4.9732 2.4112 5.6185 7.4024 6.5997 8.2297 4.0926 2.9526 5.1022 0.9323 2.0677 5.5229 9.2858 -4.1164 -6.4515 3.6532 -6.2605 -6.5241 0.2769 -2.456 -1.4298 1.132 -7.3987 1.6797 -4.8997 -3.3887 4.1938 -6.9039 -6.9259 -3.5474 -8.9829 8.6476 2.3122 3.2378 -0.189 1.4535 -2.8383 5.6806 -3.6428 -5.6008 -6.3226 -8.6365 0.1028 -1.6814
0.7407 -8.1611 -5.576 -5.7329 -3.3623 -2.784 -5.6311 5.0531 0.61 9.9326 6.4738 9.6227 -9.8239 3.3788 -1.0867 8.0899 2.274 2.4226 9.1779 3.651 -3.5813 8.3186 8.8998 -2.2825 0.8047 -4.3434 8.2267 6.4422 -2.5008 6.0563 -1.0889 -9.123 7.9656 -6.1498 0.2779 8.9642 -6.6521 9.1255 0.7595 -9.8534 -8.6906 3.4067 5.4716 7.299 -1.5158 -7.9215 0.7551 4.0549 9.5245 5.5041 2.9312 8.795 4.9378 -6.9249 -0.8155 -3.3657 -8.2496 -8.9146 5.8843 1.1617 1.4992 -5.4471 -4.827 -2.2393 2.6043 -1.3395 -9.6622 3.466 0.6967 2.8285 2.367 5.1192 1.7122 4.0176 -8.5482 8.561 -7.8773 5.7378 -3.973 -8.2699 5.3055 -1.2465 -2.0977 3.2145 -0.5202 0.6694 -7.2724 -2.1801 5.9497 0.9145 9.2027 -7.1185 3.5458 8.2834 5.9003 4.5865 -2.5374 8.9893 1.0705 1.1014
-7.5353 -9.8994 1.9331 0.743 8.9396 -3.9062 4.9659 8.0709 -3.123 -1.7469 2.9186 0.2511 -6.7809 -5.5842 6.695 -6.1135 -6.3728 5.9932 7.045 7.0278 8.6474 9.8863 -0.7747 0.9933 -4.1869 -8.6527 -8.036 4.5118 -0.2562 -3.383 -7.4357 3.1095 -7.9991 2.3903 8.0024 -3.6443 -0.9871 2.3268 -3.8865 1.6834 1.311 -2.7101 -3.6733 -1.4339 -9.9034 -5.0765 -5.5695 4.7963 -1.2775 6.8022 -7.3139 4.6595 7.5577 -0.743 -2.8252 -3.8906 1.0334 -6.4846 2.1326 6.8359 7.1743 -7.2 0.7724 -4.7353 7.7267 -8.4708 -8.492 -9.6274 0.1436 -9.3761 1.6378 -1.8973 1.8007 8.1261 1.0319 0.8694 9.9746 -0.5579 5.5039 -2.6836 -5.5339 5.4429 4.6645 -4.18 -0.706 0.2082 -2.0643 0.0433 3.2536 6.9596 6.1308 2.2807 -6.6831 0.2827 -1.0756 -6.4171 8.9742 3.1883 9.3547 4.7184
-0.3299 -2.8241 -5.6236 -0.2472 -8.7428 -2.6113 -9.1438 -5.8645 8.1545 -2.775 -0.6065 -0.9071 -9.0713 9.6118 -3.5186 4.0747 0.4275 6.5929 6.6974 -4.7337 0.887 -6.523 3.0735 -2.6941 3.0667 6.7094 0.3333 -2.4734 8.1448 0.3274 -2.942 7.3544 -0.2628 -0.3578 2.0842 0.0367 -7.2206 -6.6879 -8.4582 2.8695 -5.7697 -6.2619 -2.7555 4.3461 -7.6334 -5.3931 6.2235 4.4051 -0.3697 -0.4237 -5.7859 -6.7751 6.6673 -9.5511 -9.1371 1.4697 -6.7774 2.5908 -9.2162 1.4454 -8.8818 -4.8348 -6.3992 9.1648 1.9872 1.2721 -9.6276 4.3909 3.2349 -4.3309 -8.285 -1.0159 9.8555 7.346 -6.5887 6.6073 2.0168 5.8923 6.4091 -6.3623 3.193 -4.7096 4.4837 -3.1466 -0.9306 1.8119 -5.4037 -2.2908 -7.8286 -5.953 7.1918 0.0872 -1.6041 -7.0088 -8.074 -0.4826 2.295 -9.2193 5.6774 0.0666
-7.6497 -0.3552 -7.3934 2.0695 6.5504 7.9394 5.4974 2.9846 0.4409 -2.5925 -9.1312 0.5963 -5.4103 6.046 5.7911 -2.3753 1.781 4.8279 5.2308 3.9342 -8.0457 -7.3223 -0.4572 -5.3497 7.1811 -4.3347 7.5353 -1.8271 -6.2196 4.183 5.7884 1.5597 -7.6434 -9.8561 3.0909 3.7553 -3.682 -2.7546 -6.9044 3.0315 -4.9273 7.0995 -1.5288 -2.6871 -4.4888 3.6121 5.0994 -1.7354 5.6758 -0.3506 -2.5957 1.0982 -4.9244 -3.8669 -3.1129 4.1099 4.7156 7.1 3.1857 4.9563 -1.0681 3.9862 -6.7641 -5.7108 -1.9888 -3.2312 1.0115 3.9411 4.1358 -6.7852 9.2914 -9.8942 -8.1782 -7.0934 8.5172 -1.2925 -8.7184 -5.5646 -8.3992 -9.2449 -2.3135 9.689 2.2793 0.4201 4.2321 1.9495 8.9143 6.4046 2.8058 -1.2206 -5.9659 3.1377 6.0782 -4.2799 -9.3278 1.9903 0.3163 -5.3666 -6.6103 -9.2788
-5.2149 -9.9943 -6.8511 9.9363 5.5935 -2.9374 -2.0971 1.7216 0.3549 4.7385 -8.6277 -8.1967 -4.3101 6.5953 8.3002 -3.0381 9.2658 -4.4698 2.1273 -6.1095 8.5943 1.4981 -4.7778 -1.8573 -7.8707 -8.5523 -4.115 8.9403 6.0588 9.1342 7.5223 6.2629 1.4979 3.8838 9.3211 1.2634 5.3993 5.1495 9.2248 -0.823 -0.7856 1.7365 -9.453 -7.6746 -8.6489 2.6732 9.884 3.5383 -5.4014 -3.6854 9.1089 0.3301 -9.8055 6.6435 -5.0348 -8.1398 3.474 6.4215 -8.4794 8.6279 -0.4689 -2.9292 7.8863 -4.6185 8.9424 3.6621 8.1985 -0.02 -6.0067 4.7086 7.4548 -5.8644 -5.9447 -5.0061 2.3719 -6.8801 -7.8662 8.4038 3.5162 3.2685 2.2765 5.2849 0.8295 -9.1547 -0.3542 2.4133 -0.1532 9.7072 7.94 7.3754 -0.1839 9.6879 8.3201 -4.3947 -5.5581 1.5333 -8.917 5.9854 -0.4336 0.8154
0.0495 -2.1257 3.7268 -6.504 9.5301 3.9649 -0.7986 3.7842 -9.7636 -5.785 1.6202 -3.4913 2.2556 -4.806 0.9713 -5.2572 -0.5731 2.2617 -2.6815 -0.0246 -5.7894 4.0143 -2.5538 7.0865 -4.4074 -6.4022 -7.3772 1.5179 -5.4287 -8.0026 -4.601 -5.2839 -1.3556 -2.3823 -7.0831 9.183 -7.009 6.1134 -6.4679 -0.008 9.9112 6.9878 0.3401 4.4112 5.7067 -3.9993 1.2428 1.3567 -2.032 3.8109 -8.7993 6.2764 -0.4692 2.5972 -1.0029 -3.3069 -2.7808 1.207 8.6369 -4.8457 -9.6033 -7.5753 7.3474 9.2623 -6.0208 1.5179 2.9826 -6.5092 5.6062 -2.8978 3.4639 -0.2501 4.7305 7.7926 -2.3786 -4.2695 2.6342 -7.103 -6.6485 6.1543 -3.2522 2.6255 1.4328 6.978 -8.5731 -6.76 -5.4356 -3.6624 -4.1729 -4.6506 2.8929 -4.575 -1.102 7.2561 -2.7367 1.7384 9.3105 -1.7202 -6.3223 -9.538
4.5554 3.2405 8.8087 4.0139 -8.3987 -6.6618 -7.9398 -8.7242 7.5738 0.9687 -9.4727 -2.0597 5.2999 -8.335 -4.751 -6.8945 3.0967 7.7094 -3.8126 -5.0521 -4.3165 2.5296 -7.3745 6.7704 -9.4286 3.271 7.2074 -3.496 -0.4769 9.4996 0.8117 -4.5517 -1.1031 9.3908 3.9525 -6.4593 1.9517 2.621 2.717 1.2797 0.4692 2.7906 -3.8068 -3.0566 0.7934 6.0942 -1.1628 -2.6843 -4.8039 -3.9285 -9.9982 6.3076 6.9589 -3.1223 -0.616 -9.8337 8.4418 8.9392 -0.4587 -9.8173 -1.3913 -4.1415 -5.3757 -9.8556 -2.5271 -1.7653 1.2111 -2.105 -6.7346 4.7424 -2.2055 -2.4328 -4.7404 -1.5552 -5.2088 5.2908 8.1991 6.1515 3.6928 -4.3065 4.8585 6.1762 -1.7419 7.0696 -6.3519 -4.2081 2.7379 2.3546 -4.5573 2.4551 -6.2442 -9.6121 -9.0074 0.6994 -6.2812 -7.9545 -4.6161 4.3039 4.5421 -5.3438
-6.9863 -0.1284 -3.1617 -3.7685 5.9892 9.9593 -0.7263 5.8285 -3.395 6.8709 9.0329 -8.8792 5.5131 -8.5723 -0.5971 -6.1562 6.8308 6.345 6.565 -7.5608 5.3629 -5.0208 5.4245 -1.1408 4.7524 -9.3298 -0.7833 5.4199 0.4228 9.6423 -0.5435 3.6288 -3.7578 -3.5387 2.5833 -9.1563 8.7484 0.4185 -4.9337 2.7704 -6.0255 7.7504 7.2732 -5.6442 -7.7414 2.6582 -3.5097 -6.6528 -4.478 -7.607 5.7829 -9.8214 -9.1601 5.6695 -0.4946 1.9242 -2.572 -8.2104 -6.846 -8.172 2.3729 8.617 9.9395 2.5026 -8.8045 2.8915 4.0266 5.8293 -7.4835 -5.3465 9.6335 5.7712 5.134 6.1105 -1.2256 -6.1407 3.785 -2.8367 -7.3054 7.9733 -0.294 -1.25 -4.1057 3.9408 -6.2045 -6.2675 -3.0467 4.648 -4.4935 6.627 8.2895 1.0904 -8.6225 -6.8995 -4.0865 -4.733 -2.6577 -9.9856 2.7605 -2.4191
-6.2893 -9.6256 7.1366 5.5203 -5.2243 4.4201 3.1658 0.7791 -2.2502 0.4814 -0.049 1.0294 2.2608 -3.548 2.8181 -7.7907 0.464 -8.6664 6.7039 -7.4045 7.4699 -5.9584 -0.2926 -8.0249 1.4202 6.726 3.1584 0.5164 4.0263 -4.8812 -2.6729 2.1191 -8.5825 8.6042 -5.8252 -0.1719 7.7953 -8.4009 6.0204 -8.786 1.1604 8.7649 -1.6809 -2.6186 4.1687 6.4729 -4.6837 -9.1869 -8.5922 -3.9219 8.8921 9.2117 -8.0576 4.5034 0.6332 -6.2108 0.5238 -5.0247 2.5065 -6.422 4.9839 -1.6963 -7.8897 2.7725 -2.8407 -0.8256 3.3048 7.6565 -6.6638 -6.3921 -1.9689 -3.2497 -6.8365 9.9687 -1.1398 -2.9535 -3.6969 9.8293 -3.5069 -2.5656 5.2837 -1.3882 4.5174 2.1683 1.2629 -5.7214 5.3142 8.5229 -4.9182 9.233 -1.05 -2.0582 4.5263 9.6591 1.9153 0.3522 9.8682 -3.9632 -3.9933 -5.5623
7.1144 -9.566 6.4388 3.7944 -4.4809 1.0733 1.1265 8.5184 -6.9057 -9.2453 -2.8869 -7.2318 -2.6583 1.6431 -5.3401 6.2215 -8.1619 -2.004 8.3576 4.6853 4.4716 5.8581 -6.542 6.5141 3.7919 1.5246 8.1531 1.9046 -3.9921 4.6158 1.5257 -8.4305 -8.8815 5.418 -3.0414 6.3428 -1.6696 7.3566 7.3957 -5.4656 3.0556 2.046 -9.7713 5.5484 -2.3503 -3.9043 -9.1764 0.7986 -7.0084 0.048 -5.5841 -8.9896 4.6316 -2.1423 -1.0877 1.9026 0.0946 -5.5583 -4.2043 -2.1136 -7.3562 -8.3491 1.4288 -9.0138 -2.0162 -8.2984 0.0365 5.4765 -7.3925 -7.3026 1.1859 -0.2428 3.045 -6.078 2.3199 4.7134 -5.0751 -8.5671 5.5354 -3.5318 8.4828 -8.2081 3.435 -1.5292 -3.0338 -3.5852 1.8775 -9.5159 -3.9036 9.753 2.3244 9.8032 -1.1558 -7.0836 -9.1024 6.3634 -6.0063 -2.5236 5.1547 7.0553
-7.7526 -8.9092 8.9788 8.5346 7.375 6.4027 -9.7253 3.8759 -7.7744 -0.9988 -9.545 -5.8198 0.7601 -5.924 0.4653 -4.8268 -0.3395 4.5985 -7.1731 3.9751 -9.6322 1.6601 3.2706 -9.1304 -6.5936 -4.3197 5.7838 2.3593 -8.9383 3.0952 -9.8333 -2.2271 -4.5738 7.0417 3.202 7.2856 -9.6184 7.3482 2.9882 -5.3766 -2.386 9.5322 -8.0079 -3.6909 7.3355 0.6312 -6.2717 0.013 -0.8403 8.527 -9.5702 -5.0522 0.5883 -3.3286 -2.132 -6.8599 -3.0644 -2.9617 2.5046 -5.2759 9.5649 0.025 6.2379 2.5158 7.5735 7.808 6.2972 -9.4107 1.0988 -4.3961 -6.9658 7.9435 3.1386 -8.2441 -2.3559 9.2121 2.249 2.5105 -5.4514 -5.1928 -6.945 9.4107 8.1947 -3.4143 0.8447 -5.8649 -7.2285 0.8271 6.0021 7.2518 -3.82 4.1027 0.4761 -7.295 9.9137 9.5155 -7.097 8.6606 8.3422 -3.6501
1.1468 8.972 -7.6323 -3.648 7.5928 4.5416 5.3087 7.6026 -1.7192 -1.775 -1.1399 8.6754 7.8826 8.665 -4.5241 5.5822 -7.8646 -6.3051 5.2489 2.2396 -4.6627 1.3409 -5.3818 -5.3563 3.7476 -2.8148 3.7628 -0.468 0.0465 2.0942 4.2404 -2.5208 7.0426 -0.1711 -7.2497 -6.1348 -9.3554 5.2908 -9.6997 -4.6028 -1.7391 4.8473 9.7649 5.1555 -8.6773 8.5421 9.7126 7.3426 -0.2011 -3.5021 -0.8491 -5.0643 -1.9027 -9.1635 4.7066 -2.3925 -3.7421 2.2301 4.8494 1.8761 0.5046 7.5157 5.7384 0.413 -0.9678 6.5402 -9.1517 9.9167 0.3741 -2.0878 4.7034 1.154 0.3225 2.613 -9.0141 -4.1764 -2.0392 -3.9089 6.5524 -0.7731 -1.5508 2.2627 -8.9091 0.3394 -7.1552 6.5979 -0.966 4.4529 -7.7366 5.5746 8.7568 3.9223 -7.2939 -1.7288 -0.9823 -6.4224 1.8063 4.2527 -5.9614 -0.9063
-4.9984 3.8343 8.1432 5.9297 4.3675 -7.5291 -7.7167 -1.012 -2.7411 0.4763 -2.3183 5.8213 0.2333 8.9951 -2.4264 -2.3879 5.3652 8.2451 1.3098 3.1906 -6.9982 7.3764 -6.4227 4.2409 -1.6084 -3.8096 5.3726 -1.0748 2.5291 -7.6489 -7.3686 -5.943 2.4512 -4.9378 -0.8271 7.1082 0.87 -9.885 7.6541 -5.2424 1.7772 -0.4858 -1.797 -8.4119 2.002 -5.1057 0.9468 2.3953 1.151 6.5051 -9.0216 -7.0349 3.0655 -9.2656 7.0766 3.3399 6.7603 -4.0312 8.4077 -9.0194 -1.6609 -6.435 3.4418 2.2218 3.8303 1.8994 5.7462 -6.4516 -0.8932 1.5793 8.6296 -8.1375 -4.0141 -2.6286 -2.4212 -8.6467 -1.4535 1.0094 -4.1433 -7.3091 3.8924 -4.5116 0.5411 0.4929 3.9166 2.2411 -7.814 4.5946 2.5796 9.7438 -0.3267 3.7731 8.6778 9.7256 -4.2563 2.1769 -3.6702 0.5078 9.9005 -2.9229
-7.4057 1.2527 0.3941 2.6372 -0.1499 -6.4019 2.1881 4.1717 9.5852 -9.9684 -9.5203 2.5092 -7.6415 6.9614 5.9913 9.9797 -1.7192 -3.3242 1.2083 2.7501 -9.7741 -5.9763 -4.3675 5.8039 -3.8445 0.1338 -3.5215 -9.8774 3.7167 -3.1728 4.4879 2.3199 -9.4177 -6.4874 -3.3897 -3.2413 3.4495 8.3233 5.9451 2.913 -0.3701 2.544 7.8412 0.7394 -3.2978 5.6798 -1.7209 4.8517 6.7021 -4.0131 4.4993 -3.6899 0.7177 -5.8348 3.7099 5.9907 7.7606 -2.9281 9.3923 -4.3908 -9.3765 9.6724 2.5302 6.8481 1.4196 -2.2087 1.9038 7.2919 5.0308 4.1053 -3.71 -9.3674 -1.7226 -0.0589 -5.2472 -0.9619 9.0145 -5.6772 -3.9536 -7.7554 5.6989 5.5558 8.2671 -1.1245 -9.5013 -0.3467 0.0011 -6.1958 8.4727 4.6488 0.4726 5.5107 -7.1341 7.436 6.4428 8.7605 3.5343 -7.3457 4.4914 -0.8126
4.2735 0.4469 -9.9178 8.6467 3.741 1.8858 -8.2585 -0.6625 -9.0772 0.4116 3.1797 -3.7504 1.5512 -3.7571 7.8427 -3.5824 -6.1491 -4.467 -3.617 -1.1777 -7.647 -7.0136 -4.5273 -9.6949 2.4589 0.2812 -5.8685 -2.9936 -3.6303 -7.1689 4.0871 -4.3346 -5.1035 -8.5751 2.2653 -3.2252 -1.127 -7.3985 -0.5853 3.5099 -7.8815 -8.924 -1.4707 -6.4203 1.9224 1.8551 6.7235 3.9873 2.3263 -3.7512 6.3488 4.258 3.4174 0.6697 9.4736 5.1149 -0.6861 -7.3641 6.257 8.3938 -0.6345 -0.8883 3.6896 4.2043 -0.6921 -5.3661 -5.5241 7.2219 2.3388 8.2572 -2.1585 3.9923 3.3036 5.7756 7.6481 -0.9343 -9.3947 -0.4933 -2.9712 -0.7752 -6.584 5.3588 2.0888 -7.4521 -7.9414 6.3511 5.9352 -3.4826 2.989 5.8486 0.6549 -1.9837 -1.7312 2.4175 0.959 9.4778 -2.3237 -3.1857 6.2783 1.8194
5.6863 -1.2929 5.7465 0.8905 -5.2769 3.2522 -8.4421 8.6173 1.4838 -0.2674 1.8433 -0.7418 1.1018 6.4405 -6.4765 9.1177 -8.6078 -7.8251 6.2813 5.4269 -2.4218 -0.1141 3.2033 -8.1893 6.3407 7.7452 8.0651 2.7227 -9.9963 -7.0655 -7.0157 0.6251 -2.2003 1.5586 -6.0867 3.6303 -3.668 1.4055 8.2641 -3.909 8.8667 -1.3055 9.6516 -3.1147 -8.2143 -9.8376 9.7284 -1.9161 -7.4489 -4.1163 -2.6155 0.9777 -8.9375 4.0671 6.4151 -2.8151 7.225 7.3136 -5.2952 4.0444 -2.1146 -3.6375 -2.3442 -2.3687 0.9024 3.2498 -0.5026 -6.2355 -2.3081 8.4896 6.7993 -6.9147 9.9491 3.4013 -7.3145 -8.5651 -9.6858 4.4268 -0.266 -1.2653 9.8044 -8.3067 2.8449 -1.6829 -0.8794 5.7786 2.0886 -1.4859 -6.4041 0.1883 1.041 -0.9991 -2.8939 -6.2842 2.0915 1.5588 6.9361 -5.265 0.0346 -1.7832
0.9233 -2.6606 9.5647 1.363 4.0977 -7.7367 -0.3693 3.8099 -7.1583 4.6259 9.6716 9.6734 5.5774 -0.7013 -8.4353 7.7983 -8.2311 -0.551 4.8337 9.2082 -8.4384 2.6738 5.962 -3.75 -8.9445 -3.1291 5.5705 -0.6226 0.2533 -0.6154 4.6763 -1.5797 9.2116 5.9645 -4.2158 -9.2935 8.4573 4.9885 4.5394 1.2741 -8.7716 -0.5368 -6.6184 -8.9676 9.8073 6.1779 2.4863 -4.2637 -8.3498 0.1119 7.0289 -4.443 -7.3492 -4.3806 7.1572 -9.7159 -7.769 -6.5077 1.8354 -6.9773 -1.0669 6.1568 -4.7749 4.0155 -0.3016 5.9874 7.2403 -3.143 -8.312 -7.0986 8.6788 -6.917 -0.081 9.8717 5.4074 -5.2411 -1.1963 2.7515 -5.7829 4.6872 -3.0985 2.8452 5.1097 -7.6801 -6.648 -2.0251 -3.9727 4.923 5.0486 0.6504 -2.404 4.1122 -0.5082 -7.097 7.4056 -9.7627 8.5445 -1.0236 3.5699 9.2353
3.6575 -9.1796 8.3542 2.7485 9.1237 -1.3643 8.3608 7.1671 -3.3007 -4.6582 -8.0345 3.0869 -2.1769 5.463 4.9818 4.6863 1.7745 -6.1015 -3.2519 3.8056 -6.4017 0.9523 3.456 6.6338 -9.7608 -8.046 -7.9219 -1.0812 -5.6117 -4.3341 -6.1384 -9.526 -8.1612 8.7701 3.1321 6.7092 9.0098 2.7617 4.1615 -7.6005 7.1288 -7.4019 3.1279 7.9979 1.3214 9.3433 7.92 3.9131 -4.9333 -0.6609 8.7236 2.7756 8.4539 -4.4723 -1.4603 8.0678 5.3976 -3.5319 -6.7607 -8.5201 5.5421 -2.344 -3.3469 -8.7988 9.1121 -4.7067 -1.1885 -0.1656 8.5717 2.206 -6.4312 -0.1589 -7.1225 5.3741 -5.6323 2.8668 8.2522 4.308 -7.9343 -8.5416 1.4269 -4.9881 -1.0824 7.9302 -7.0229 2.8067 8.6579 3.2921 -4.6713 4.0011 8.0924 1.4928 0.3077 8.7982 -0.1864 -1.2788 6.881 5.6187 5.7076 0.8026
-9.9339 9.0831 6.3595 -0.3587 1.3449 8.7008 -2.8216 3.6367 -1.9877 2.6455 9.1765 -8.1867 0.6925 9.2185 -8.3909 -0.8072 5.3302 2.9559 -6.4676 -9.2134 -2.3167 -6.1799 3.9176 7.9292 2.6123 -2.8148 -8.3028 2.6558 4.7065 -7.2011 -6.1381 4.3948 1.8589 -0.2153 -8.7401 0.811 -3.8454 0.6788 6.685 -1.0139 9.9167 -9.2591 -8.8789 5.7556 -9.1437 -7.6363 6.1421 3.3463 -0.8326 3.5616 7.4851 -7.0209 1.5869 8.4963 -9.2624 -7.1682 3.0766 -0.5756 8.3604 -9.084 4.0259 -7.3892 -6.555 -9.0008 -3.8533 5.8739 -0.8763 -6.5862 1.8208 6.356 -7.8734 -0.0571 5.9835 -5.5885 6.0891 -1.4758 6.2304 9.6439 3.568 -3.5153 9.5171 1.5193 -7.2534 6.7285 5.862 5.2846 1.8617 -3.2899 -7.5851 -7.1753 -1.6969 3.9259 1.0682 -1.2268 8.5135 -9.186 -8.0006 6.9473 2.2488 5.5532
-9.6874 -0.2607 -9.873 -6.4117 -8.2172 3.0351 7.7383 -1.6756 6.1482 5.4513 3.8472 -5.8768 2.7965 0.4617 -1.7594 8.7618 2.2108 -9.2476 -6.4 -0.0022 9.006 2.5438 5.6517 -3.0429 -9.9086 -5.2872 -7.6498 0.604 -8.0863 -2.762 5.2226 0.7945 -5.6145 5.4066 3.1865 -4.4715 -6.1256 5.9323 3.7049 9.3715 -0.5117 -6.4735 3.4029 -9.1377 2.8972 -4.2987 -1.3066 -3.3141 6.1031 5.1682 -9.1337 4.8083 8.4972 -6.4822 5.7098 -0.2988 -7.6787 7.9016 4.4281 1.8541 -3.4806 -6.025 3.5371 -3.4863 5.5795 -3.4774 -8.0387 4.755 7.3977 -2.4894 -5.5867 -0.5802 -0.3118 7.8098 -7.1012 8.5577 -0.9002 -2.2534 -7.2719 4.3964 2.6404 9.5111 -5.9558 -7.4558 3.8442 -8.807 -7.27 7.033 -0.8284 -6.576 -3.1285 7.7282 2.0727 5.7909 2.76 2.2306 -6.6013 9.4027 7.1001 -8.2705
7.1395 -0.2157 9.9133 1.8316 6.7398 -4.4166 4.6004 4.7236 -5.0669 -3.4541 1.5893 7.8365 1.8354 -7.0206 1.474 -9.8984 9.6037 -9.1988 -0.5869 5.3721 -9.3276 0.6224 -0.4146 5.9604 6.4258 -0.9512 -5.1898 1.1697 -9.7515 4.6357 8.9987 -7.3458 -4.0842 2.9528 -8.1854 -0.4043 -3.9033 4.0661 7.1584 4.9457 -9.5117 -0.9032 5.4367 7.484 -1.8928 5.7972 -2.5916 -0.7141 2.668 7.2077 -8.586 7.8687 -3.3419 -9.3457 -1.482 -4.6042 8.9219 0.8487 5.8896 5.7538 -8.3808 7.6169 4.7152 -8.9038 8.9064 3.4931 7.7596 -7.7807 -2.6882 2.3827 -2.6886 -6.4947 1.1758 -8.6599 4.1867 -5.9057 9.625 -5.2273 -7.7288 -0.4301 8.783 1.6024 9.1821 -5.8041 4.9003 -5.4913 -2.9458 -4.6528 3.6045 -4.4571 -8.7326 -3.0955 -0.2755 0.5337 -7.5458 4.1965 3.5662 0.6571 -4.1547 2.419
5.9981 8.9073 6.1759 8.8175 -8.6874 7.8381 -0.8425 -8.3966 7.9589 -4.2325 9.1325 -7.8127 -4.4811 3.9416 -0.0734 7.4999 0.4138 2.5455 -4.1366 9.3915 0.8287 -7.3595 -3.066 -1.1228 2.8937 -4.1697 -8.741 7.4359 -5.3534 8.949 2.8934 -1.7662 -3.1442 2.921 -3.4739 1.8671 3.9373 6.8382 -1.0949 -3.9184 -7.3609 5.787 -6.5653 -4.7999 -0.3151 9.4145 5.395 -9.0536 -2.9376 -0.8815 -6.6727 8.4826 4.2362 -4.2951 9.4641 6.7866 3.8572 3.3271 -6.9303 -5.2419 -9.177 -3.6675 -7.4705 -4.7919 -6.3101 1.2497 -9.3062 -3.6611 -3.1231 -2.5417 0.7973 -6.748 -3.9688 8.4087 -1.9088 -0.0117 -7.0923 -0.8392 -3.5956 -9.9141 4.7699 9.512 -3.3744 4.109 -0.5218 -4.2035 8.8802 9.6138 1.4746 -7.0583 1.3046 8.1376 -1.1579 3.7829 4.6328 8.0035 -7.2115 1.0192 -3.8384 -1.9674
6.8175 -1.0805 -8.1504 -8.8993 2.8263 1.6686 -5.5571 8.7133 -4.4415 -9.549 0.7682 -1.0908 3.4312 -8.2525 0.2358 -6.111 -3.6448 2.1016 8.868 8.1689 -2.7787 -7.0411 7.0761 -2.6074 -2.5434 -4.307 -2.9729 9.5505 7.486 -8.248 4.5571 -1.1156 9.8519 6.0737 -4.2273 6.1135 9.4072 -1.5234 7.9286 -7.2086 1.7436 -8.2784 -5.8443 -0.5077 7.3505 9.7328 -8.6777 9.2019 5.1223 -8.231 -1.8108 8.2882 -1.7097 1.1163 4.2049 5.1049 -7.2615 -6.2799 -2.3646 1.0773 -9.1553 6.525 6.6917 -3.9217 1.1856 -0.731 -9.4632 -9.9511 -4.7465 9.1205 6.6849 -0.5492 3.0763 7.8537 -1.6569 -0.1623 3.7569 -5.105 -7.6129 -4.4557 9.8867 -8.6655 4.9113 1.6213 1.3115 7.3669 2.5599 -0.4792 3.8849 -7.6083 0.2505 1.5053 6.9056 -6.7431 -8.8298 -3.6064 7.5663 -7.2901 -6.7338 -4.5466
-1.6097 8.2421 -2.8803 -4.2029 0.5922 8.7263 0.2773 5.3288 -6.3351 -8.1098 5.0526 0.8742 7.4489 6.5364 3.6993 -3.9786 3.7089 3.7669 -8.0833 1.6009 6.4663 -9.742 0.3634 -2.5397 -0.302 -3.1937 8.2158 -7.9516 -6.9089 -5.5777 -6.2317 7.9411 2.2686 6.6283 0.5131 0.6419 1.0223 5.1261 -7.7207 -0.7902 -8.472 6.3769 8.4682 -0.4096 -3.7685 -2.7486 6.3408 7.7945 1.953 5.2718 -3.1591 4.1979 -9.4248 6.2915 -5.5528 7.1363 -7.1528 -5.4685 -7.4931 -7.3956 -8.4279 3.8164 5.6806 -8.4453 5.4938 5.1467 -9.1497 -7.8437 5.8611 0.2696 -8.8147 -7.6216 -4.9398 -8.6751 3.3517 5.091 5.6474 8.402 -5.892 8.0235 -6.3044 -2.9693 -8.1844 6.9172 8.8369 8.9758 -3.0433 -6.7889 0.0127 4.5711 -5.1635 1.4047 -8.0179 1.5627 -9.7203 -5.66 -6.169 -4.3629 8.0332 0.7425
9.4716 -8.0263 -5.7197 0.0839 4.1551 -2.6707 1.7876 -1.2067 9.155 -6.383 -2.9036 -2.4077 -5.7145 -5.4489 -7.7431 9.6923 -7.5277 -7.7937 -7.2818 5.2455 4.0946 1.1426 -9.1878 -3.4377 -7.6855 -4.3278 2.0078 -3.7599 9.5236 -1.1209 1.0783 -4.1882 7.1073 -6.2243 -8.6078 6.8212 -0.4865 3.5826 -6.4141 9.9745 -0.167 -7.8966 -1.2388 3.171 -8.2999 -7.1326 -1.9875 1.8111 -7.9656 8.5058 9.5571 -8.7058 9.5041 -3.2274 1.8992 9.8132 -7.5448 6.7622 4.504 -4.4296 4.2699 1.6384 -4.5405 5.7899 2.8766 -1.9953 -0.4835 2.0633 -1.9111 -0.3093 -4.4222 5.36 -7.8393 -4.9862 -0.0545 2.5674 -7.3078 -8.0079 -8.943 -8.6354 3.5621 9.4415 -2.3473 3.5841 -6.9453 2.4393 -8.0733 -8.4697 5.0322 5.3514 5.8546 -5.9614 3.2419 -0.195 -4.7667 -3.1277 7.1934 0.9324 9.0516 -9.368
-1.3919 8.2988 -2.3274 -3.7088 -2.4733 -0.8069 -9.3428 1.1333 7.2072 -3.9391 4.1212 -0.1704 -7.3102 4.3145 -0.2509 -7.8124 3.5005 3.2016 3.7075 1.4442 -0.4818 7.087 0.1337 -2.1723 -0.1062 9.4174 2.3388 -2.9447 9.5557 -3.5903 -9.4371 -9.0976 6.7387 -3.0225 4.8411 -9.462 7.8269 -3.1749 -8.053 -3.0971 -2.8527 -2.9746 3.2248 -5.0477 2.9617 1.8506 8.2078 -8.69 -3.9018 -3.2481 -9.6058 -3.4777 -0.7818 7.2674 1.361 8.0282 -4.6676 3.9192 1.7598 9.7153 -2.4452 -2.194 1.4508 6.1665 -7.9989 3.5022 -3.2807 0.0554 5.2981 -3.2092 2.2966 -2.7333 -1.2802 -0.061 6.9467 5.743 6.8076 0.7167 -4.2529 -9.0494 9.9246 -1.9595 -5.4823 4.8578 -8.1608 6.8837 -8.1053 -3.2632 -8.6546 6.0237 -0.4946 -5.8052 5.913 3.0307 -3.9631 6.0825 -1.3418 0.799 -5.9985 -1.954
2.4993 -0.9354 5.2688 -6.388 -9.6279 4.0666 7.2542 1.5369 -5.7409 9.2423 4.8442 -0.6541 8.7433 0.6544 2.2884 5.3824 -1.3255 1.3223 2.5352 0.4454 -2.7145 -7.0451 -6.9905 3.7061 -3.9945 -1.2922 -3.6269 6.6043 -8.7114 -5.9288 -1.7512 6.4742 2.9209 -4.8711 2.0246 -1.8827 -7.7288 -6.1617 -5.0883 6.5446 -0.7168 1.1965 -1.2773 2.9384 -9.2599 -6.8128 -7.2714 -4.8321 6.0708 3.1734 -6.4803 7.0504 9.2757 -0.2832 -9.6018 7.1917 -8.3214 2.032 7.3434 8.0115 -1.8599 -2.7313 3.1486 -8.1939 8.8632 4.4847 -7.1888 -7.7614 4.6896 8.6587 0.4392 6.5796 8.9935 8.6311 -4.9638 7.6913 -5.2385 -7.5545 6.1337 -3.4143 1.6865 -2.201 4.9675 -5.2812 -1.5426 -7.1144 -6.4969 9.3985 -1.2105 -4.9139 1.7896 -0.1928 -2.5059 8.9742 -3.6702 -1.5244 3.6548 9.2663 7.5887 8.7394
-2.74 4.3134 6.4273 -9.5785 9.3361 2.1163 6.8295 3.2445 8.817 3.8136 5.7761 -5.2065 1.0546 -3.8146 9.1697 -2.7429 6.245 -7.5589 7.3391 7.1529 -2.2306 8.1958 -2.1405 9.5599 -4.8893 -8.195 6.4542 -5.2908 -5.7923 7.8049 8.3178 2.6271 7.5893 5.3348 -1.8742 -9.3224 7.3289 6.464 8.8099 -0.5782 -1.7408 6.8233 4.3477 7.5352 6.4048 6.488 3.9696 0.1267 -2.9629 2.0423 6.2686 4.7557 -0.9348 -9.453 -8.958 2.8319 2.6031 5.8204 -7.2782 -1.9868 2.5659 -3.7256 -8.3554 -6.8436 0.3273 9.3933 6.6124 5.2633 6.9392 3.7151 5.8528 -3.612 -0.4327 4.7034 -4.7864 3.7493 6.5354 5.9906 -6.0267 -1.7101 -6.3622 7.5278 8.8951 7.6868 -5.5103 8.9622 8.4622 2.9421 2.5325 8.1369 9.4826 -6.0347 4.0252 -6.6249 -1.9793 -1.4219 -4.7968 -8.2188 -2.6416 8.9449
-7.653 4.3717 -1.2968 8.3998 -0.9258 3.4722 -7.6298 4.2713 -6.1891 7.2387 5.6424 -4.2408 -0.1166 -7.396 7.1268 2.0017 9.9041 -4.3407 3.5438 -1.6334 -1.8295 -7.0811 -4.1961 -4.764 2.3536 8.1466 -2.6072 3.6853 -0.8367 -9.7936 -7.3359 -3.5351 3.8605 3.737 4.2667 4.1691 4.7221 -4.8755 -8.0944 -8.825 -3.3427 -5.3032 8.1645 9.9348 8.7864 9.3442 1.9646 4.9648 -9.0898 -4.9269 2.3932 -3.9499 -2.1061 -2.582 9.3612 1.1912 1.6097 -4.7942 0.0749 8.6065 7.5579 -7.3616 -3.6537 0.6085 -7.1641 -7.6632 -9.1168 -7.4426 7.4336 6.6961 4.9565 8.5247 -4.3415 7.5387 2.2586 5.2313 -4.7248 -3.7398 7.8534 -3.6891 9.8913 5.2735 -6.9747 7.0607 3.1484 5.9644 -8.9356 -7.0276 -5.4028 -9.2828 -4.7955 4.1193 -1.2714 9.904 8.5441 -9.1842 -2.8696 4.1806 -0.296 -0.1402
6.9168 7.3376 -7.5269 -8.1284 7.3635 -6.3869 -6.6341 0.1748 -4.5442 7.8179 1.7135 1.6709 9.4325 0.5203 1.4158 -1.6716 -8.4633 5.3651 3.5382 7.7474 -9.4808 3.6262 3.6128 -2.1166 1.8068 9.0244 6.7395 -6.9245 -8.3787 6.614 3.1908 -0.9189 9.104 1.8841 -9.8839 9.3954 3.1235 9.0179 -3.5017 4.6309 4.6864 9.1481 1.3832 -5.7727 -9.0264 2.8729 -3.5366 -8.8893 -8.5855 9.038 -2.3722 -2.0228 -6.4398 9.301 7.3103 -8.2162 7.0469 -6.7412 5.5899 -4.3013 5.0512 3.0813 -7.588 -0.1831 -1.3528 6.1271 -3.798 3.6992 -7.3743 3.3104 6.6411 0.2531 -0.2075 7.7083 -0.4712 1.2611 -1.5386 5.1298 6.2199 2.2774 -1.3179 -1.4797 -9.1912 -3.1651 -0.7295 -5.5154 3.7247 -6.8986 -0.0936 2.5912 0.4936 -4.1859 -1.2529 8.1442 -0.4478 -7.0279 -7.4442 8.0581 6.8308 0.4618
-4.0904 -9.0454 -8.4693 -9.0981 -7.8474 -1.5017 -8.1103 3.2171 1.3696 -4.9324 -4.9028 -8.3646 0.0689 -7.7213 3.2316 -6.409 -6.3558 -2.1409 -8.3342 7.5351 -4.047 1.7442 -0.9 3.4052 2.4762 -4.6985 9.3344 7.4269 -6.2562 -6.2983 4.9406 2.0811 7.4323 -7.8734 0.6875 -9.8831 -7.6664 -6.5653 -0.4576 3.8361 7.3756 9.3161 2.0377 -0.2656 2.37 9.4784 -2.7854 3.4761 3.8059 -2.1001 -3.9469 -7.4982 -9.7225 -7.7617 -9.6823 9.4104 7.1802 -5.8154 2.9725 2.9948 -1.2842 2.5212 5.8002 -6.1817 -3.9816 -0.7315 -0.5202 -9.5637 -6.6779 -6.9516 4.052 9.2773 -0.5702 7.1959 1.7045 -5.9732 1.3886 6.6768 -8.9816 -9.8425 2.6082 4.2619 9.5897 6.9723 4.7416 1.9168 1.0861 -4.1845 -0.2501 -0.278 1.8208 2.2299 3.5734 6.3338 -0.242 4.2858 0.5662 -1.5599 -3.683 -8.7298
7.8575 -1.6573 -0.5332 -0.1042 8.7793 -3.0647 3.9503 -9.5839 -4.2398 -6.156 -3.1231 -5.3579 -5.606 8.1814 -3.2169 2.042 6.8493 3.1392 -7.3768 -4.1321 4.2277 9.1961 6.6616 3.4621 4.6917 5.9195 5.9951 6.8906 2.4368 -4.3509 4.9851 3.3411 -7.4181 -6.0103 2.115 -7.9819 -1.6803 9.8753 -3.927 -5.8113 -9.059 -9.6374 7.6181 -2.8591 -6.8279 6.559 7.8891 -9.3606 -8.7267 -1.3876 2.3513 -7.5862 -5.5181 -4.8436 -3.1935 -2.8952 -9.0665 7.5543 -4.6502 -6.9764 3.8027 0.3077 3.3897 4.1281 8.5326 -1.2435 -0.8573 6.8319 -7.7814 -7.8822 2.2115 5.6431 8.9477 6.4722 -9.1606 -7.8918 2.5985 7.4174 8.2197 -6.8593 -4.1575 -1.1696 0.1179 4.651 -8.0141 2.9419 -3.3078 -7.2446 6.9719 -1.2178 -1.685 5.3807 -5.0937 6.1829 -3.1736 0.1005 -8.2953 -2.5513 5.0969 -2.7871
3.2999 -6.9678 5.0701 -1.5656 -5.4364 6.0354 -1.7318 -1.8138 -0.8249 7.0478 5.8921 -2.7645 -9.4047 -7.0883 -9.801 6.1249 8.8729 -8.3044 -3.7039 9.6389 -6.7135 -8.7706 5.1838 3.2035 2.8293 8.0502 -8.8438 2.6322 4.2674 3.2072 0.3956 -4.0855 -1.9599 3.6174 1.0722 -3.9135 4.854 8.1846 -9.842 -4.4044 0.5558 8.409 4.0059 -1.0762 -5.8973 0.8885 5.7668 3.0407 3.9494 7.7535 5.6313 -1.9099 -6.0541 -3.9694 -9.2606 -3.3101 4.502 4.801 -7.4799 9.8385 -4.3214 -8.1436 1.0357 0.4267 5.1409 -6.7995 -9.4422 5.932 1.8501 -5.1732 5.4832 4.5302 9.7391 -7.7912 -8.8011 -2.5404 2.5398 -2.9105 -9.0453 3.0192 -7.505 -4.0408 4.7372 -0.9371 9.659 6.1078 9.78 1.3119 7.8868 2.5549 0.6658 1.911 -2.9933 -4.3093 5.6958 4.2971 3.4487 4.287 0.3933 -5.0473
-3.4431 1.6474 6.4569 -2.7746 -8.0402 4.2328 6.5688 -8.3611 -8.7561 7.7702 -0.4749 -1.0767 -2.6141 0.5251 1.7648 0.3789 -2.1044 -4.7261 -0.0235 -1.5316 -1.1984 8.6207 -0.2092 9.4654 6.4762 -7.1131 -7.4575 4.223 -7.4123 4.0905 7.2654 -7.6388 -5.7471 -0.5329 4.9299 8.8814 -2.6134 9.0364 2.032 -1.8276 -7.5827 1.4353 -9.1944 -6.9339 -2.5707 9.8204 -3.9348 -0.2815 5.8241 -7.1572 1.7925 -9.027 7.8851 7.7811 -5.6884 6.3825 -0.2241 -7.5534 -3.027 7.4085 -1.6485 1.4612 1.3153 8.0057 5.627 -0.4954 4.4007 2.1142 5.239 0.0953 -0.7813 -1.0014 -1.0185 7.3269 -3.4957 5.9962 3.29 -1.8074 -5.3436 -2.0921 0.8199 9.1616 7.8009 4.7183 2.9183 7.3191 4.1442 1.4399 5.9232 4.148 1.2209 -7.5244 1.1871 -6.1515 2.3741 1.5371 -8.9425 1.4049 -6.2121 -0.4833
7.9373 -7.5943 8.7236 -6.4051 -9.6205 5.7351 -5.0943 4.1124 7.7531 -1.1154 6.1384 2.1371 -1.964 -9.1003 7.2395 -9.5347 -1.2597 -1.7013 7.193 -3.6524 -4.8564 -7.7071 -8.0133 -6.6369 -7.1193 -4.8889 -8.2074 -3.8641 -1.8545 -6.6162 2.2895 -3.4942 -9.4566 -8.83 -2.2012 -3.5992 -1.7435 -3.5156 -2.4897 6.5548 -7.5807 -5.9488 5.0427 1.7206 -0.1404 5.0478 -2.299 -7.6984 -8.7874 -0.7035 -1.8585 -0.3166 -1.8501 -5.3252 7.7231 -4.6168 9.2695 3.5019 -5.0737 1.0941 5.7043 -3.9077 -1.8651 -8.3218 2.716 -5.9309 9.3582 -2.5339 9.7062 5.6405 0.7507 -1.525 8.2299 -0.9652 -9.98 -0.707 6.5874 -4.215 9.4416 -9.9891 8.6701 -0.3563 1.9574 6.7898 -2.3969 -2.9716 2.6441 1.7032 0.2066 -9.0903 4.7837 1.2616 -3.9872 -2.0939 -7.5405 -7.207 1.1296 -4.4108 -1.3608 2.2089
9.1483 -3.6339 3.642 -3.1473 -4.7728 5.0539 -0.9456 -5.0814 9.6604 -3.1674 -0.804 1.9903 -9.6825 3.8369 2.9289 -9.959 -0.4694 8.0289 3.4541 -1.7367 7.9054 4.066 5.2493 0.7626 5.7461 2.9819 -8.4495 -9.381 6.6417 3.4323 3.4449 -2.9401 6.2556 6.5493 -2.8407 -6.4563 5.3593 3.9406 -9.8314 -0.7461 8.725 -1.1084 -5.5696 -9.6044 -4.3773 8.428 -2.8436 -8.2007 2.2689 -3.9364 4.3562 -5.3148 -0.1238 -2.74 -4.3849 8.0902 4.1394 -5.8183 -6.0783 6.4225 -2.0783 7.3983 1.382 -0.1198 1.0357 3.1968 1.3141 3.6477 1.3028 -8.6928 -7.4351 -8.699 -4.8075 1.3981 -5.4407 0.4616 5.6451 -6.163 3.5596 9.839 3.8597 0.6588 -4.9416 1.2023 -0.9215 8.7578 2.8193 8.8615 -8.9627 8.7752 -1.349 9.9021 -4.5193 3.6035 -0.6683 -2.7706 5.1804 7.676 -5.509 -4.4413
-1.5988 -1.0228 -9.8968 -6.1078 -8.3638 1.4364 -9.4926 4.7489 9.5619 -1.5236 -8.5112 -5.0003 -6.7104 -3.7839 2.5199 -8.0655 -0.4007 6.1612 1.8506 2.5259 -3.3139 -4.9918 -7.8432 -5.2328 -3.184 -8.9113 -3.3282 5.8822 8.871 5.515 2.3913 5.282 2.507 1.5787 -8.2893 -8.7863 -9.3331 -3.7344 6.9538 -8.6994 -7.4493 8.3823 -1.1616 -3.9706 2.5237 -8.6842 3.5513 1.1852 -4.1017 -2.3709 -8.0834 5.0393 -5.3378 1.9915 3.1945 -9.7879 -2.3216 5.9033 7.5988 2.3846 -3.2077 8.7517 5.6586 -0.9185 -3.4361 -6.1504 -7.9462 1.9035 -8.6491 5.7883 -6.1277 1.4642 2.7473 -4.8743 -1.5799 4.4925 -1.1075 -5.137 5.9405 -8.7902 -3.7667 -1.283 9.1948 5.0875 -3.7762 7.7044 5.5099 -7.0518 -3.8265 -3.142 -2.6234 -9.8384 1.7288 3.566 -8.8536 0.1422 6.7035 7.174 -1.5588 -6.0919
-5.9926 8.17 5.7053 -3.169 3.3572 3.8956 9.6385 1.9952 -3.3771 1.5682 9.2613 2.3221 -1.6261 -6.7544 -0.914 5.7838 -9.1562 -5.6119 -9.9261 -5.5395 -5.3945 2.4784 -5.2196 4.6917 9.0518 -3.3697 4.8016 -5.8937 -6.3151 9.7976 -2.7437 -8.5254 -9.3996 -7.6962 -4.1885 -6.1119 1.7137 5.3107 -9.1219 -9.4063 -6.0435 -6.5171 7.7076 4.3767 -3.2037 1.0901 -6.4292 -9.5702 6.8576 8.213 -9.5801 3.549 -2.4215 5.7483 -7.7806 8.7223 -3.8986 -5.197 6.1898 3.2182 8.8232 9.542 9.9539 7.6333 7.5678 -8.6924 -7.1114 8.4831 5.898 -6.1664 -2.4361 -2.5149 1.991 9.5396 -5.109 -9.0761 2.3206 -6.218 0.7094 5.7918 -3.4464 -8.9348 5.9122 7.457 7.0301 9.3677 7.7167 -5.8152 -8.3718 -0.5867 3.27 -8.7025 0.1723 5.0262 2.9014 0.1832 -0.0282 -0.7147 -3.5635 -2.5224
3.8902 4.313 -0.1042 -4.6333 -1.9811 8.4237 1.6797 -9.2679 -5.6095 -5.94 7.2634 -2.082 -3.88 7.7742 1.4274 8.71 -2.5179 1.011 -7.3134 -8.3194 -1.1099 -2.9685 1.6792 -0.6949 2.4225 -1.478 -0.649 -1.8209 6.0901 -3.6596 -2.3526 -6.4087 -5.3242 2.9071 -2.8181 -8.3516 6.8521 0.2558 2.8731 5.7175 8.5321 -8.0318 -8.573 -9.2344 -5.9939 -6.0671 -3.4152 -3.9457 6.3113 3.6708 -4.5107 4.1129 9.9599 9.9681 5.0477 4.7964 8.2477 -9.8293 -4.0105 6.4462 5.6626 -1.9238 -1.8848 1.5991 3.1062 -0.5599 0.2529 5.2232 -7.0144 -2.0499 -5.4615 4.9827 -0.5112 0.3165 5.7195 5.1524 4.4502 -0.772 5.8383 -3.7385 -6.2431 5.4026 3.9588 -5.8083 -1.0006 1.1689 -2.506 1.5502 -7.4331 8.8671 -9.8064 6.208 6.686 -3.2036 -1.6171 3.7153 -1.9326 5.5729 0.7521 -3.4784
-9.5352 5.7072 8.4429 -6.9262 9.0528 -3.395 2.5968 2.0601 2.1567 7.3389 9.6034 -5.9159 -2.1873 0.6898 -6.2332 -7.8272 1.3903 -0.9693 7.8949 -8.1352 -7.9137 1.0581 -9.3588 3.7805 -0.2277 -6.2662 -8.6102 9.2599 -4.3236 -5.3392 3.1914 -8.6004 -8.8509 0.3706 -6.5635 7.1941 -1.7828 -6.8593 -7.7851 0.7291 -0.435 -8.6247 9.1019 7.314 -7.4014 -5.8865 -1.356 4.1934 -0.5044 2.0742 8.7831 1.7498 0.0495 3.6967 -4.4912 -9.8511 -7.1462 -8.7206 -2.0153 6.1513 0.5171 8.2061 7.5848 -0.7959 1.5227 4.7458 -4.2418 7.6199 -0.8739 4.0063 4.233 -4.051 2.2606 6.1997 -6.4975 -5.0173 7.9993 4.6649 -0.8434 8.2167 -6.3311 1.3723 -2.129 8.9137 -5.2061 7.4108 -4.5245 2.5617 -4.1622 8.3259 3.9609 4.4482 -5.6549 -0.1302 9.8478 1.0565 9.9063 -8.4693 -7.8955 5.3308
-3.4797 -0.9813 -4.9447 0.1213 -0.7567 -8.5361 3.8897 4.9947 -2.3769 4.9191 7.1155 -2.0665 -9.7853 -7.7063 8.3427 -3.4578 4.9735 -0.3048 -8.6353 0.9686 -5.1541 9.0004 -7.1949 6.4085 6.8313 -6.5882 -9.6387 -7.9897 -4.1171 0.6931 -2.183 -8.4483 5.2718 3.5477 -6.9301 -2.8383 -5.6666 -9.3111 3.5009 -5.6767 3.9348 6.73 6.2302 2.8202 4.3282 7.9402 -2.1876 -3.8335 -8.9517 -9.9067 5.4482 5.3423 8.5764 -2.5071 -5.2292 -8.1723 -1.5663 9.7858 -3.2577 -6.157 3.379 -5.5886 7.6457 5.9385 6.609 -6.6423 -6.6591 -1.6864 -7.8463 -3.4572 1.2411 -6.209 -5.8576 0.8341 8.7785 -7.5839 -5.7244 -2.8685 -6.5276 -1.9572 -3.6752 -2.2163 -0.8245 -8.6797 6.3017 2.9989 -2.6204 -8.6534 -5.6288 -3.9693 1.9774 9.662 -7.9637 0.7236 9.8106 7.0093 -6.5708 9.1807 1.9973 9.6283
3.9263 3.558 9.4473 3.8744 -3.3591 2.7071 7.6793 -3.6407 7.0311 -0.3574 -3.2979 2.1707 1.7007 -2.3526 2.8118 -5.3515 1.7494 9.7676 -5.3479 2.327 7.9356 -3.823 4.7583 5.1449 2.3953 -8.8015 -2.5095 -4.0677 -6.9666 -5.9123 -9.2419 8.4682 1.9615 8.9175 4.7851 -3.4262 -4.4375 2.872 5.2099 0.4175 9.5514 2.9609 -4.2309 -9.5261 6.9387 -3.3746 -5.155 0.7862 8.1326 3.3001 -5.0332 3.747 4.39 2.1613 -2.3703 -3.5673 -1.1528 -9.8791 7.3973 -8.6003 -6.1507 2.6873 -7.1694 -5.9156 -8.1648 1.8526 6.6244 8.6363 -5.2738 -8.4367 4.4998 -3.7707 4.4335 -5.1015 -6.4713 -5.0206 -4.2929 -1.0346 2.7121 -4.5628 5.6258 -8.3997 9.4511 -2.0351 -6.6447 -1.1725 0.1059 4.6986 5.2065 6.3921 5.8712 -9.6038 -2.3716 7.0808 5.1772 8.4306 1.9037 -6.944 4.533 -4.8542
-0.727 -0.9279 -2.4971 2.1205 -8.5612 -7.2669 -0.6148 -6.9055 -6.2075 -9.7433 0.014 4.5069 -0.1709 8.5138 8.8057 9.4099 -2.5371 -0.209 2.821 1.7662 -1.8242 -9.2235 8.4321 -2.3035 1.3122 -6.1154 -1.274 -4.8948 8.2617 4.4449 0.1922 -0.2276 3.7698 3.9291 3.0181 8.5304 4.7133 -5.1529 -9.3098 6.2625 2.6191 3.5285 3.9494 2.9067 -4.7734 -0.8906 3.6213 -4.9142 2.043 9.0356 6.8303 -9.7533 5.4194 2.8879 8.3377 -2.0467 1.7232 8.0199 0.3707 -6.2235 -1.5411 6.595 -4.9426 -3.9556 9.3537 3.1697 -2.3442 -3.8404 -1.7678 7.528 4.553 -8.2225 2.7236 5.5338 -3.1121 -7.1457 4.9746 8.6003 -2.0406 -3.838 9.7405 6.3278 -9.9684 -8.6032 3.9263 0.4992 3.0904 4.6608 -6.5873 -2.507 4.0809 -6.0396 -6.3603 8.9697 -0.9868 6.2874 -6.2872 -8.8204 -6.3454 5.1833
-4.813 8.0455 -1.8242 2.5367 2.4884 7.3672 -6.6775 -4.1375 -2.4454 -4.4648 -3.157 1.7129 -0.4421 3.4561 -7.9838 -8.7789 5.036 -9.8555 1.6489 9.7524 -8.0632 0.4467 -9.8548 2.0597 9.7379 5.2273 8.6426 -0.5354 -3.2594 -1.4109 -2.5843 7.803 9.9889 6.3369 8.8198 3.3016 -2.4313 -8.8552 -2.8794 -3.3949 -7.9965 -0.8616 3.9662 4.5044 7.7594 -7.2227 2.0382 7.3801 -4.4106 3.9853 6.301 -2.6314 2.367 3.1775 -0.496 -1.7375 -6.2413 9.7236 9.1509 6.2524 -9.6674 -2.7959 -9.0849 6.1512 -3.4895 -1.1139 2.1353 -1.9967 2.2518 -8.3726 -1.4417 8.6297 8.6169 9.7374 7.142 8.1041 4.6856 -4.1227 -6.0985 -7.1368 0.4011 1.4379 7.1361 0.0927 -7.4428 5.9364 -3.973 3.4612 0.9749 7.4957 -6.6389 -1.0743 -7.6864 3.2528 -5.182 -5.7672 5.0651 3.1949 -8.2114 -1.3021
4.3153 -6.7953 8.5793 8.053 5.3262 -5.5925 -4.8474 -0.474 7.9502 -7.538 -7.2849 0.6909 4.5083 -8.1912 3.8357 7.4388 8.6356 5.3267 2.0136 2.8797 -2.4598 4.3489 4.72 -2.367 2.842 1.238 7.1228 6.1689 -5.529 -7.6862 -8.2464 -8.2172 4.8116 8.7442 4.8924 -7.6779 -2.6453 7.0666 9.0814 1.5383 -9.9664 -8.7623 0.7121 6.9424 9.597 -3.6071 -2.6995 3.586 5.9313 0.395 2.0324 -5.5572 -2.0938 0.7659 -0.7879 -7.106 8.8578 6.7443 -0.0033 -0.8843 2.0293 -7.0826 3.307 6.0258 4.0593 1.9776 -3.8222 9.8067 -7.5307 9.937 4.1304 -0.4343 6.5737 -0.0995 4.0828 -2.4658 9.6229 -3.3371 6.5577 -5.7877 4.6532 6.2084 4.0081 -8.9487 7.3086 -6.4196 -0.2499 -2.1638 9.6878 3.185 6.9704 9.8213 0.9589 -3.2518 3.558 9.8063 5.1543 -2.1787 0.5569 -4.3392
3.9275 -6.0982 7.125 -2.1246 -7.382 5.0453 1.6077 6.1014 6.9962 4.1918 -0.8493 -6.7261 -7.2488 3.9191 -4.1784 -7.1035 -5.6373 4.9677 4.7064 -9.8173 4.5192 1.5136 3.5664 9.7697 -7.0479 9.008 -1.4578 6.8332 8.5197 -8.079 9.4832 -6.4073 -8.9506 9.6055 3.002 1.8678 9.3945 2.5395 -1.9201 -9.3201 -5.1829 -0.2275 3.7597 9.0911 3.0559 -2.4926 3.8359 5.9065 3.1704 5.5546 7.2979 3.0062 -4.4957 3.0639 -2.6535 -7.6 -8.3473 -0.2156 3.3758 0.195 -9.5395 1.4596 1.4526 -4.5255 4.9072 5.8869 -6.3781 -0.3162 2.8919 -1.3269 1.4285 -8.0112 -8.73 8.1776 5.9045 -6.3022 6.2574 -9.6051 1.1212 0.7283 6.2439 -0.2287 0.378 1.6944 4.275 5.8014 -7.5182 5.0598 9.3136 7.952 -6.3867 1.9821 -6.4012 1.0944 6.0103 -7.5391 -7.4237 -5.8754 -6.7758 1.2499
7.029 -9.2999 9.5986 0.123 -2.7288 0.8885 -1.539 8.9046 -9.9983 -3.988 8.9243 0.3889 5.656 3.1832 -1.1016 1.5414 3.902 0.4533 9.7204 -2.9577 0.7642 -5.8032 -8.0198 6.3953 -5.258 -6.2385 -4.0058 6.6526 9.1485 2.0429 -5.6792 -2.8187 -7.4302 2.4463 -8.5128 -4.9007 -2.3644 8.0732 -1.9988 -8.3349 -4.9164 -1.4931 3.8903 0.7181 -8.5888 4.6535 9.9072 3.9361 -6.1475 -2.5572 3.1464 6.4102 2.0989 -1.6063 -6.9302 9.849 -1.3275 -9.4818 2.0721 -8.4495 -7.5076 -7.8002 0.9674 -8.6808 2.8035 -2.7436 -3.3297 -4.5349 7.3771 -5.4847 -9.8027 -2.4569 9.3755 -2.4274 -7.8999 8.5127 -6.4854 4.5665 -3.869 6.4269 -0.2076 0.5792 4.0091 7.308 1.0308 2.1493 7.9314 -6.5851 8.9302 -2.2087 -3.0965 4.8259 9.36 0.6336 1.8923 6.9926 -0.4628 -7.4486 -9.8101 0.2713
-6.8902 -7.4726 -2.424 4.7084 -8.9427 4.5084 9.49 4.15 -5.0178 2.1741 4.1357 -6.3379 9.7249 5.9694 0.0446 -4.4835 -1.4447 8.8335 7.6278 6.2805 -3.8963 7.1584 8.9491 -1.8697 -3.7453 -8.1972 -8.4105 4.5991 8.8973 -6.6977 -8.8518 4.8682 1.0832 -0.143 7.4871 9.2433 -1.5203 0.1736 4.6159 -0.4069 0.3002 9.9591 7.7616 3.9576 -1.8906 2.3257 8.2177 4.9183 4.2832 4.0518 4.9934 -5.1155 4.7797 9.0174 6.4673 7.6066 0.5622 2.1839 2.1475 9.2929 3.4904 7.6386 0.4703 -5.4986 -8.4976 6.7882 0.2737 9.0497 -1.5456 -2.4181 -2.5343 -7.7353 8.2809 -5.0047 0.7824 5.3283 -7.6427 -4.0164 -4.1291 -5.7387 4.7605 1.3768 -5.6507 -3.9036 8.6622 2.8595 6.5145 -9.2914 -0.7389 2.355 -0.2347 -2.8851 2.3106 -3.429 -2.9221 -9.8969 7.8039 -6.2768 -2.9094 -7.9732
-0.1591 -8.3051 0.2864 -6.9258 -7.5231 -0.2518 -6.8874 3.1327 -5.4781 -2.0928 -4.0143 -1.4332 -6.3564 6.2309 -7.8261 -1.2286 6.7871 -6.7633 -2.9252 -1.3208 -2.8153 7.4103 -6.0307 -6.2087 -9.1949 -2.1091 4.8785 8.02 -6.7937 -6.0202 -0.4141 3.3049 -4.684 -1.5781 1.0025 5.9964 4.2864 -3.5022 5.2879 7.6353 0.0372 8.4712 6.8613 -2.223 -7.8053 -7.8424 -9.577 -6.8892 0.0 5.3477 -5.2699 3.5662 -3.1572 9.5288 4.7486 -1.3134 -4.2107 -0.2814 5.218 -5.0451 -6.9501 0.2248 -5.0107 5.3346 7.2833 9.8851 -5.0529 6.4122 -6.0318 4.1292 6.199 4.0229 0.0467 -6.3762 9.851 1.8239 2.6895 -5.4123 -7.3541 -9.2327 9.808 8.582 -1.4739 2.3293 -8.1813 -8.9809 -1.8541 -3.8711 2.6662 -5.3714 -3.2764 -0.4161 0.1973 2.8775 -3.9142 -4.6151 -4.3889 -2.9795 -1.6385 -3.6032
-9.0489 -9.1822 -8.9574 4.8951 -5.7604 -0.5588 8.1696 -7.9848 -6.3032 8.9666 -2.7284 -3.9129 -8.0623 -9.7268 1.0354 7.2395 -3.3758 4.8258 -2.7723 5.5762 0.5772 -2.5682 3.005 -5.7993 -2.319 7.7439 -7.3903 4.8517 -7.5929 1.7312 8.2435 3.0871 -6.1913 4.0932 8.51 -8.5024 0.9316 -3.142 4.507 9.7929 -5.96 4.4154 -9.1238 -6.1659 1.0099 -4.9495 7.5415 7.0688 8.1363 9.5025 7.8983 -1.0304 4.3465 8.217 -8.6458 -1.6199 8.6266 0.0774 -9.5625 1.9831 3.9341 -7.4213 -9.0911 1.3235 5.8878 3.8761 4.8143 -2.0501 3.6939 7.4051 9.4308 -6.6896 5.0146 -2.317 5.5874 -1.983 -4.5701 -6.3187 -6.7999 -5.6438 3.9344 7.5831 5.8129 -0.8912 4.1551 0.5015 -3.9318 -5.5933 4.1651 1.043 -6.5778 -9.0878 -5.2357 -9.2182 -7.0372 7.672 8.545 -4.5913 5.8124 2.8483
-5.0198 6.4682 0.6919 -9.972 -3.0508 2.1032 -2.6178 -8.3351 4.1092 0.9855 4.4416 -1.8331 2.2296 -3.5073 -8.8547 6.3184 6.4786 -5.6144 9.3045 -6.4653 9.4321 0.7478 9.5752 5.5637 5.6103 -7.8711 4.9154 -2.3604 3.0765 7.4005 2.6861 1.0176 6.3369 -5.5872 -4.6241 1.6333 6.1547 5.058 -6.8872 -5.3655 4.5257 -2.6272 8.0434 -8.1262 -6.3697 -6.2994 7.247 -6.2228 -0.1896 4.5896 2.9513 -9.5791 -6.7416 -6.4453 -2.1161 2.1564 -8.6109 -8.559 -5.0949 8.1826 9.4077 -7.9953 0.5356 4.5353 6.1599 2.0659 -2.4425 -9.5857 6.5312 5.2689 2.8896 -9.1252 -5.0331 -8.3281 -7.1473 2.5477 -9.7301 9.3272 9.1524 -7.8732 4.7226 -3.2322 4.1491 -5.9536 -0.3915 1.257 -1.1135 -6.7371 -3.3649 -6.9097 -8.8825 3.8408 2.5497 -7.5385 6.4985 -7.9437 -4.0652 0.2308 6.7297 -7.1633
8.2433 -9.52 -1.4573 -7.0525 3.1073 -5.4823 7.5798 -2.3051 7.6845 6.4557 -7.7518 -6.6088 -7.7973 -7.9653 9.117 -2.8538 2.3139 -7.633 8.4664 8.3975 7.9117 2.0901 -6.4386 0.6096 1.9922 3.5887 -6.9956 3.3455 -3.9687 6.3513 -3.0323 -7.9215 8.3247 3.2346 8.6576 6.2144 4.2261 -8.4726 -9.9564 8.6619 -7.0271 3.1171 -3.5949 -2.188 4.4269 5.7109 -0.4314 -8.6537 1.5569 9.1917 -4.4305 -8.1911 9.8954 -6.3626 -2.2997 -3.6137 -1.5234 3.8684 -1.7211 5.87 -3.3307 6.0428 3.0791 -5.0818 -1.6268 -0.058 0.6754 0.6495 6.4281 -2.3075 1.6193 -1.5632 1.5575 3.87 4.9657 4.0619 -5.2961 -9.9427 9.8781 -9.6569 1.1675 9.1523 8.4181 -8.8085 -3.013 6.975 7.3355 6.3802 -4.1061 -7.1172 7.0662 9.4364 8.2591 -5.1501 6.5564 -8.8827 -7.244 9.241 4.0793 -2.4508
-9.4731 9.2983 -2.5663 4.028 3.2549 -8.5246 6.7487 7.4095 -9.3963 -2.6951 -8.4201 -8.4587 1.3837 6.2742 -7.0057 -6.3515 4.8712 4.9621 3.9713 -4.0098 -1.7696 -3.2533 5.6279 3.9049 -4.2646 -6.8823 7.6231 -9.3576 5.0227 0.0659 -9.7826 6.6536 3.5981 7.5195 1.0831 6.5904 8.383 0.0374 4.1871 -1.5266 -6.864 9.4624 0.43 9.5585 -7.4973 -5.7627 2.3809 -5.6219 -6.3261 4.9199 1.1859 6.8343 6.3312 -0.6313 -3.7362 2.8378 6.5451 -6.7035 6.0668 2.9329 -6.1054 -7.832 -8.4438 2.0638 6.9322 -9.439 -4.3559 0.8314 -8.6936 1.9422 5.1304 -3.8176 1.0338 2.7678 -9.3527 -4.6166 9.5333 1.2959 1.2748 5.8045 -9.0864 -3.7084 8.8702 -9.8304 -2.867 -4.352 -2.0373 -6.1023 5.0368 4.5138 9.477 4.0531 -8.0524 -1.8543 4.829 -7.9799 6.1499 -6.9963 1.7435 -2.3578
1.7272 7.0405 -4.1976 -6.9692 -0.7379 7.7041 -8.1342 4.3693 7.688 6.1495 3.0844 5.3765 -6.7791 9.2733 0.326 4.5744 3.0279 8.6045 -3.1717 5.707 -3.2196 -2.7937 7.1191 -1.382 7.8136 5.4835 -2.2473 -5.8236 2.2077 -8.5 -6.952 2.5558 -0.0495 6.0945 -7.1475 7.4091 0.9427 9.3789 5.6289 -8.2566 -8.1177 -3.7256 8.6811 -6.7706 -4.3977 -2.7334 -8.2154 -6.4163 5.4388 -4.8411 -0.5348 -4.8795 7.5332 3.0058 -7.1911 -7.5207 1.3747 -9.2081 7.1801 -1.9812 7.14 8.3428 -7.4203 -2.6654 6.8967 9.0409 -2.5263 3.644 0.1188 -4.7435 7.5107 3.6511 2.4123 2.8773 4.8209 -5.1037 6.4247 -9.8411 7.0612 -4.1868 -6.8359 -2.0144 -8.5404 -2.2355 -0.7544 -8.1299 -0.6824 2.8497 8.0025 -0.7029 -8.2835 4.6356 8.3492 8.4498 5.3643 -6.0106 -3.4256 -3.6543 9.9288 -0.2741
4.0458 -0.4756 -4.4325 -9.2344 -6.8852 -0.6006 2.8043 -3.5963 -9.3735 2.0215 -2.3943 8.7292 -2.7701 -1.3978 -0.5318 -8.9184 7.3604 9.0529 3.6734 -4.603 2.7137 -8.3282 -8.6148 -1.8986 -4.0333 4.2441 7.4258 0.4956 3.3929 -4.8111 6.611 -8.1512 8.0328 -3.1596 5.0635 -6.7093 -3.0145 -1.618 -0.49 3.7766 -6.7862 3.9338 -2.9062 3.858 -2.2172 -9.8014 5.6614 1.9426 -8.4438 3.3592 2.3302 -3.5253 9.7274 8.7794 4.8567 4.7344 -3.6697 -6.9899 -0.8268 -7.0503 7.286 -7.7279 9.3995 -1.8723 0.4138 -9.9265 -0.9888 6.6502 -7.4857 -1.0134 9.3892 -8.0511 -5.6275 9.5806 -1.5965 0.9217 -6.678 -2.4489 -3.0383 9.0475 9.4349 1.5367 -9.7126 6.2756 -9.6762 7.9331 0.0417 7.3552 3.9863 2.9782 -0.8801 -1.7923 -2.9558 0.8493 0.4634 5.3016 -7.7324 -6.4837 -1.4323 -6.4621
1.8978 0.8553 -2.3687 6.9018 3.771 -1.2501 -4.335 2.4075 8.5027 7.1399 9.9073 6.1188 -7.9238 2.9925 2.3252 -1.7744 -0.0719 5.0345 8.5446 -8.006 -1.1179 1.6247 -9.3473 -4.2019 -1.5872 -5.5424 -0.9074 -2.3784 -6.0888 -0.6085 -7.5112 9.3523 8.2806 -1.7413 6.4084 4.0767 4.8231 -9.8479 -2.5071 -5.5213 -4.3279 7.5921 -4.71 6.7697 5.9028 -1.7057 -5.1689 8.0037 -1.7089 -9.6894 -6.9325 -2.5119 6.3341 6.4007 1.9989 -3.2982 9.1832 9.8566 -5.1634 9.4698 -6.1468 2.8887 6.571 6.0266 1.5571 -7.4226 2.7255 9.5471 -6.5257 8.0834 0.3455 -1.252 -8.0084 6.0234 0.0851 2.6288 5.6856 6.8606 2.5464 -4.7954 1.0581 8.974 -5.9247 -8.1347 -1.2516 2.5779 1.8658 -9.4436 4.1515 8.4119 -8.4245 -2.3519 4.8468 -7.389 -0.9259 2.63 -2.8376 -5.2056 7.9582 -4.0615
0.7083 -5.0949 5.6006 5.721 5.4078 3.1852 -4.5007 8.6995 2.5488 2.7677 1.5871 -7.9316 -0.8174 1.9179 -7.8585 -4.3507 7.8921 -8.1445 -0.1151 -2.7721 6.7663 -2.184 -0.1793 -9.5609 -8.5285 9.1843 -8.4737 3.7467 -2.4949 -3.7283 8.166 6.171 -6.4039 -9.7972 -6.4265 1.3459 2.1331 -9.371 9.5183 9.8748 -0.3218 2.2801 0.9297 -6.8322 4.8339 8.5317 -6.1431 -9.4089 -9.5392 0.2349 -6.9531 7.3375 -7.7042 -5.6608 -3.4492 -5.6048 4.5549 8.797 -4.6482 -0.3685 9.0646 -3.0289 1.0299 -4.1136 4.9039 -0.084 0.2531 -2.0012 -6.1389 -6.5408 3.7411 7.7463 -4.3783 -2.1435 1.673 5.329 -3.7683 5.882 9.0752 -0.2434 7.6571 -1.5253 4.9416 6.3178 2.4582 2.1459 -1.4137 1.3428 -2.5208 2.654 -8.7147 -6.655 -9.3248 0.2271 1.7374 -4.1305 6.5337 2.902 9.3029 -2.9549
-9.4012 -6.4019 -3.5464 5.8179 -2.8451 -8.5472 3.1391 -2.5607 5.5903 -7.5539 -3.6282 -9.782 -3.4226 -0.6925 5.9048 7.9749 1.2328 -2.2882 2.036 0.5452 -7.9416 -4.439 2.1581 7.6672 7.1983 -8.5035 7.8533 -1.565 5.124 -3.6443 -3.5976 -6.0575 6.0545 -0.027 9.8052 -1.5753 -7.5181 -6.5772 -3.4625 -2.3428 1.5283 -4.2993 2.8733 7.1221 9.7591 8.2329 -4.3127 6.8329 -1.9438 7.9166 8.3607 -9.2176 2.8955 -8.6109 -8.0976 6.0503 4.4651 -4.5065 5.0738 -1.9931 1.129 -3.7365 2.2464 -2.1335 3.9291 -0.9084 6.9734 9.3431 -7.5717 -2.5219 2.3595 -9.4142 -9.0433 -9.7921 -7.8973 -3.5428 3.752 -1.2864 -6.5962 -6.1768 8.0455 -2.6224 8.0576 9.7913 8.6822 7.3603 -4.8062 5.6989 -7.7839 8.9429 -8.4992 -3.4134 2.255 6.2497 -4.6018 -6.5932 -7.2447 -0.7861 -7.4742 7.2379
5.0607 7.756 9.3167 -1.7341 -1.0644 -7.5525 0.5518 1.5577 3.2254 9.527 -3.5618 4.6173 -5.4834 -4.7238 -4.0753 -8.3441 1.1703 7.4574 3.1896 4.7054 -5.8822 -8.4397 9.4353 -8.7947 -9.7374 -5.6773 6.3702 -6.2417 -7.9093 -5.8268 1.8105 0.5529 7.1692 5.2098 -3.7635 -0.9196 -6.92 0.0902 8.2825 -5.6243 -2.7271 9.5013 7.3572 0.2693 5.6004 -6.2409 -4.4432 -6.7161 -3.8571 7.3966 2.9677 -7.0542 7.5239 4.9005 -5.1888 7.882 -6.2594 -9.4283 3.2377 -0.9472 -4.6884 8.5386 -8.3187 -1.3705 -6.9876 0.0438 0.1585 -8.9369 -4.5482 -8.0437 2.9724 4.64 -1.5482 -4.1199 -1.9462 1.881 0.5913 -0.1277 -1.3287 3.6232 2.9269 9.1794 -5.6084 -8.9372 -9.2862 -4.6764 -8.6831 -7.9794 -5.4707 2.4044 4.3165 -2.1618 -7.9739 4.6785 7.5906 -4.6347 -5.8859 5.7146 -3.0473 -4.2401
1.9263 4.6776 -8.1151 0.0648 4.0094 -0.4648 -3.8935 8.1334 -5.2276 -3.6978 -8.6109 -6.2531 7.9974 -7.1633 -9.7453 -0.508 -3.3189 -6.4497 -4.7234 -8.4605 3.5841 7.0618 1.8801 9.3908 1.6632 -0.2339 -5.0498 -7.8123 6.3785 1.3453 9.8083 6.7072 0.5054 -6.6539 -7.0683 -8.1218 -3.908 4.7237 -0.9477 4.6963 9.7959 -4.8532 -0.2701 -2.7142 -9.7288 -2.9475 4.2031 7.8274 5.4905 7.1391 8.0433 1.9149 -7.7448 3.7157 4.5643 -9.5855 9.5727 7.1253 3.1873 -7.1673 -0.0434 -5.1126 4.8202 9.4658 -2.8116 4.8873 -6.1232 9.0963 2.7747 9.3091 7.5429 3.576 7.9844 -1.0146 9.1661 0.5381 -4.6938 3.5813 7.7599 -2.1795 -1.6541 9.8789 -3.8135 -9.178 0.4016 -3.1345 2.2473 -1.3308 -0.8994 9.3631 5.8468 -4.2318 9.3894 -0.0215 3.7105 -0.6737 -6.9954 9.3334 2.4759 3.2864
-3.9271 -4.2348 5.9957 -9.6882 -9.1809 -4.3397 1.8614 -8.9361 -3.8836 -1.3935 3.2051 -9.9872 -4.9713 -2.9956 -4.3347 7.1802 3.3065 5.3777 -6.8993 -8.2799 -4.5866 9.9183 -6.0655 1.7045 -8.3856 -5.6228 -0.5364 -2.9074 6.2342 2.7409 -1.5487 9.3381 -8.0372 -4.7748 -3.9595 -3.7853 1.2782 3.5785 -3.5504 1.5633 3.6664 -6.0099 -7.2862 1.0857 -3.9788 -8.288 1.3333 2.5664 0.9166 -2.4807 7.5184 -1.2621 -7.2278 -1.162 -3.7348 8.6976 4.252 -0.6324 -1.4466 -1.5899 -1.7948 -9.4465 1.1782 9.1498 -1.5816 5.1171 2.3042 -3.9522 -5.1471 0.2441 -7.4545 0.8654 1.3115 -4.1331 5.1067 -2.1468 -1.9412 -9.8809 6.1496 7.4982 -0.7956 -8.9131 -8.9061 6.5979 2.9976 -3.3303 -8.052 -4.1885 -0.3706 -3.3738 -8.7827 4.8095 3.4883 4.7873 -8.9396 -5.8987 -7.117 4.8085 -0.0939 -5.5291
3.5136 7.0451 -3.9822 -3.7822 9.7832 -9.871 -0.3009 3.7555 -7.7058 -9.9993 2.0758 -7.5793 -8.0627 -5.9141 -0.5252 6.6545 -1.1237 -8.8869 -7.5638 -1.9089 9.6539 6.4054 6.8344 0.9344 6.4337 3.6264 7.1863 2.3432 -1.3529 2.7239 -6.3038 6.371 3.1493 -6.5845 4.8333 0.9336 -0.4768 -4.1993 3.3507 9.1818 -0.1407 3.354 -2.1762 3.9531 -7.8533 -1.6621 -1.5033 -9.4406 -0.8584 1.2842 -9.7796 -3.9448 2.9022 7.8644 2.3975 -9.1474 8.1412 9.2559 -0.6419 4.4613 -4.4619 9.6351 -2.845 7.1168 0.0641 -3.0233 4.1245 -2.1875 -8.7447 3.1184 -2.9627 4.3842 -3.2142 4.3036 5.7339 -4.4332 5.2522 -3.9414 -2.1214 8.3232 2.9027 -2.4695 -0.565 3.1794 1.5208 8.5482 5.508 0.5087 -7.4116 -3.5185 9.1039 -3.0381 2.3495 -1.9245 -9.1014 7.0406 -6.8164 -8.0692 -7.8756 8.6847
-0.4717 5.1982 9.6266 6.1711 4.6529 -5.2677 7.9959 -6.52 7.8495 5.1163 -1.5989 -8.7126 2.2381 -7.7105 6.936 -8.5424 5.267 2.1307 6.8136 8.471 -3.5768 3.9745 -2.4474 9.7774 1.4756 -6.0053 -4.9501 -1.2497 -4.2782 -5.9761 -6.7582 6.2768 6.1734 -6.1541 1.6422 2.5823 3.3732 -5.9292 6.2002 7.8658 -2.8088 -1.8395 0.9316 -8.5607 -6.2939 4.5995 8.2198 2.8446 -0.0765 6.6481 1.4074 -0.5253 -2.9579 2.3696 1.1739 -7.2425 -8.6569 -1.4498 -2.4776 -8.5826 -8.4371 5.6477 -4.0355 -7.6415 -5.3885 2.0298 -3.3816 -5.5196 8.8124 8.4455 -4.9724 4.0655 -8.6409 7.4295 9.3623 -8.5045 1.5071 7.0639 8.6362 0.0009 -2.0156 -8.867 3.9504 -7.7825 -0.5804 8.3478 -4.7389 -9.4004 -3.2391 -4.7824 -3.3092 5.2947 -7.2142 0.9417 4.6775 8.4835 3.2667 7.5654 -5.2877 -8.5418
